rank,name,lowercase,gender,source_name,source,source_priority,frequency_code,source_row
1,Pal,pal,M,Pal,Matthias Winkelmann / Jorg Michael firstname-database; India/Sri Lanka column,1,-2,
2,Raj,raj,?M,Raj,Matthias Winkelmann / Jorg Michael firstname-database; India/Sri Lanka column,1,-2,
3,Asha,asha,F,Asha,Matthias Winkelmann / Jorg Michael firstname-database; India/Sri Lanka column,1,-2,
4,Usha,usha,F,Usha,Matthias Winkelmann / Jorg Michael firstname-database; India/Sri Lanka column,1,-2,
5,Anita,anita,F,Anita,Matthias Winkelmann / Jorg Michael firstname-database; India/Sri Lanka column,1,-2,
6,Madhu,madhu,?F,Madhu,Matthias Winkelmann / Jorg Michael firstname-database; India/Sri Lanka column,1,-2,
7,Vijay,vijay,?M,Vijay,Matthias Winkelmann / Jorg Michael firstname-database; India/Sri Lanka column,1,-2,
8,Ram,ram,M,Ram,Matthias Winkelmann / Jorg Michael firstname-database; India/Sri Lanka column,1,-3,
9,Alka,alka,F,Alka,Matthias Winkelmann / Jorg Michael firstname-database; India/Sri Lanka column,1,-3,
10,Anil,anil,M,Anil,Matthias Winkelmann / Jorg Michael firstname-database; India/Sri Lanka column,1,-3,
11,Anju,anju,F,Anju,Matthias Winkelmann / Jorg Michael firstname-database; India/Sri Lanka column,1,-3,
12,Arun,arun,M,Arun,Matthias Winkelmann / Jorg Michael firstname-database; India/Sri Lanka column,1,-3,
13,Indu,indu,F,Indu,Matthias Winkelmann / Jorg Michael firstname-database; India/Sri Lanka column,1,-3,
14,Ravi,ravi,?M,Ravi,Matthias Winkelmann / Jorg Michael firstname-database; India/Sri Lanka column,1,-3,
15,Renu,renu,F,Renu,Matthias Winkelmann / Jorg Michael firstname-database; India/Sri Lanka column,1,-3,
16,Ashok,ashok,?M,Ashok,Matthias Winkelmann / Jorg Michael firstname-database; India/Sri Lanka column,1,-3,
17,Avtar,avtar,M,Avtar,Matthias Winkelmann / Jorg Michael firstname-database; India/Sri Lanka column,1,-3,
18,Jyoti,jyoti,F,Jyoti,Matthias Winkelmann / Jorg Michael firstname-database; India/Sri Lanka column,1,-3,
19,Kiran,kiran,?F,Kiran,Matthias Winkelmann / Jorg Michael firstname-database; India/Sri Lanka column,1,-3,
20,Manju,manju,?F,Manju,Matthias Winkelmann / Jorg Michael firstname-database; India/Sri Lanka column,1,-3,
21,Meena,meena,F,Meena,Matthias Winkelmann / Jorg Michael firstname-database; India/Sri Lanka column,1,-3,
22,Mohan,mohan,M,Mohan,Matthias Winkelmann / Jorg Michael firstname-database; India/Sri Lanka column,1,-3,
23,Rekha,rekha,F,Rekha,Matthias Winkelmann / Jorg Michael firstname-database; India/Sri Lanka column,1,-3,
24,Saroj,saroj,?F,Saroj,Matthias Winkelmann / Jorg Michael firstname-database; India/Sri Lanka column,1,-3,
25,Seema,seema,F,Seema,Matthias Winkelmann / Jorg Michael firstname-database; India/Sri Lanka column,1,-3,
26,Suman,suman,?F,Suman,Matthias Winkelmann / Jorg Michael firstname-database; India/Sri Lanka column,1,-3,
27,Veena,veena,F,Veena,Matthias Winkelmann / Jorg Michael firstname-database; India/Sri Lanka column,1,-3,
28,Uma,uma,F,Uma,Matthias Winkelmann / Jorg Michael firstname-database; India/Sri Lanka column,1,-4,
29,Ajay,ajay,M,Ajay,Matthias Winkelmann / Jorg Michael firstname-database; India/Sri Lanka column,1,-4,
30,Amar,amar,M,Amar,Matthias Winkelmann / Jorg Michael firstname-database; India/Sri Lanka column,1,-4,
31,Amit,amit,M,Amit,Matthias Winkelmann / Jorg Michael firstname-database; India/Sri Lanka column,1,-4,
32,Bala,bala,F,Bala,Matthias Winkelmann / Jorg Michael firstname-database; India/Sri Lanka column,1,-4,
33,Jaya,jaya,F,Jaya,Matthias Winkelmann / Jorg Michael firstname-database; India/Sri Lanka column,1,-4,
34,Lata,lata,F,Lata,Matthias Winkelmann / Jorg Michael firstname-database; India/Sri Lanka column,1,-4,
35,Prem,prem,?F,Prem,Matthias Winkelmann / Jorg Michael firstname-database; India/Sri Lanka column,1,-4,
36,Rani,rani,F,Rani,Matthias Winkelmann / Jorg Michael firstname-database; India/Sri Lanka column,1,-4,
37,Rita,rita,F,Rita,Matthias Winkelmann / Jorg Michael firstname-database; India/Sri Lanka column,1,-4,
38,Ritu,ritu,F,Ritu,Matthias Winkelmann / Jorg Michael firstname-database; India/Sri Lanka column,1,-4,
39,Amita,amita,F,Amita,Matthias Winkelmann / Jorg Michael firstname-database; India/Sri Lanka column,1,-4,
40,Amrik,amrik,M,Amrik,Matthias Winkelmann / Jorg Michael firstname-database; India/Sri Lanka column,1,-4,
41,Aruna,aruna,F,Aruna,Matthias Winkelmann / Jorg Michael firstname-database; India/Sri Lanka column,1,-4,
42,Deepa,deepa,F,Deepa,Matthias Winkelmann / Jorg Michael firstname-database; India/Sri Lanka column,1,-4,
43,Geeta,geeta,F,Geeta,Matthias Winkelmann / Jorg Michael firstname-database; India/Sri Lanka column,1,-4,
44,Kamal,kamal,?M,Kamal,Matthias Winkelmann / Jorg Michael firstname-database; India/Sri Lanka column,1,-4,
45,Kusum,kusum,F,Kusum,Matthias Winkelmann / Jorg Michael firstname-database; India/Sri Lanka column,1,-4,
46,Laxmi,laxmi,F,Laxmi,Matthias Winkelmann / Jorg Michael firstname-database; India/Sri Lanka column,1,-4,
47,Leena,leena,F,Leena,Matthias Winkelmann / Jorg Michael firstname-database; India/Sri Lanka column,1,-4,
48,Mamta,mamta,F,Mamta,Matthias Winkelmann / Jorg Michael firstname-database; India/Sri Lanka column,1,-4,
49,Manoj,manoj,M,Manoj,Matthias Winkelmann / Jorg Michael firstname-database; India/Sri Lanka column,1,-4,
50,Meera,meera,F,Meera,Matthias Winkelmann / Jorg Michael firstname-database; India/Sri Lanka column,1,-4,
51,Neera,neera,F,Neera,Matthias Winkelmann / Jorg Michael firstname-database; India/Sri Lanka column,1,-4,
52,Neeta,neeta,F,Neeta,Matthias Winkelmann / Jorg Michael firstname-database; India/Sri Lanka column,1,-4,
53,Nisha,nisha,F,Nisha,Matthias Winkelmann / Jorg Michael firstname-database; India/Sri Lanka column,1,-4,
54,Pooja,pooja,F,Pooja,Matthias Winkelmann / Jorg Michael firstname-database; India/Sri Lanka column,1,-4,
55,Priya,priya,F,Priya,Matthias Winkelmann / Jorg Michael firstname-database; India/Sri Lanka column,1,-4,
56,Rajan,rajan,M,Rajan,Matthias Winkelmann / Jorg Michael firstname-database; India/Sri Lanka column,1,-4,
57,Rajni,rajni,F,Rajni,Matthias Winkelmann / Jorg Michael firstname-database; India/Sri Lanka column,1,-4,
58,Sudha,sudha,F,Sudha,Matthias Winkelmann / Jorg Michael firstname-database; India/Sri Lanka column,1,-4,
59,Sunil,sunil,?M,Sunil,Matthias Winkelmann / Jorg Michael firstname-database; India/Sri Lanka column,1,-4,
60,Vinod,vinod,M,Vinod,Matthias Winkelmann / Jorg Michael firstname-database; India/Sri Lanka column,1,-4,
61,Jit,jit,M,Jit,Matthias Winkelmann / Jorg Michael firstname-database; India/Sri Lanka column,1,-5,
62,Lal,lal,M,Lal,Matthias Winkelmann / Jorg Michael firstname-database; India/Sri Lanka column,1,-5,
63,Abha,abha,F,Abha,Matthias Winkelmann / Jorg Michael firstname-database; India/Sri Lanka column,1,-5,
64,Ajit,ajit,?M,Ajit,Matthias Winkelmann / Jorg Michael firstname-database; India/Sri Lanka column,1,-5,
65,Alok,alok,M,Alok,Matthias Winkelmann / Jorg Michael firstname-database; India/Sri Lanka column,1,-5,
66,Arti,arti,F,Arti,Matthias Winkelmann / Jorg Michael firstname-database; India/Sri Lanka column,1,-5,
67,Bela,bela,M,Bela,Matthias Winkelmann / Jorg Michael firstname-database; India/Sri Lanka column,1,-5,
68,Deep,deep,F,Deep,Matthias Winkelmann / Jorg Michael firstname-database; India/Sri Lanka column,1,-5,
69,Hari,hari,M,Hari,Matthias Winkelmann / Jorg Michael firstname-database; India/Sri Lanka column,1,-5,
70,Kala,kala,F,Kala,Matthias Winkelmann / Jorg Michael firstname-database; India/Sri Lanka column,1,-5,
71,Mary,mary,1F,Mary,Matthias Winkelmann / Jorg Michael firstname-database; India/Sri Lanka column,1,-5,
72,Maya,maya,F,Maya,Matthias Winkelmann / Jorg Michael firstname-database; India/Sri Lanka column,1,-5,
73,Mona,mona,F,Mona,Matthias Winkelmann / Jorg Michael firstname-database; India/Sri Lanka column,1,-5,
74,Nina,nina,F,Nina,Matthias Winkelmann / Jorg Michael firstname-database; India/Sri Lanka column,1,-5,
75,Rama,rama,?M,Rama,Matthias Winkelmann / Jorg Michael firstname-database; India/Sri Lanka column,1,-5,
76,Sneh,sneh,F,Sneh,Matthias Winkelmann / Jorg Michael firstname-database; India/Sri Lanka column,1,-5,
77,Aarti,aarti,F,Aarti,Matthias Winkelmann / Jorg Michael firstname-database; India/Sri Lanka column,1,-5,
78,Amrit,amrit,?,Amrit,Matthias Winkelmann / Jorg Michael firstname-database; India/Sri Lanka column,1,-5,
79,Anand,anand,M,Anand,Matthias Winkelmann / Jorg Michael firstname-database; India/Sri Lanka column,1,-5,
80,Anshu,anshu,F,Anshu,Matthias Winkelmann / Jorg Michael firstname-database; India/Sri Lanka column,1,-5,
81,Beena,beena,F,Beena,Matthias Winkelmann / Jorg Michael firstname-database; India/Sri Lanka column,1,-5,
82,Dilip,dilip,M,Dilip,Matthias Winkelmann / Jorg Michael firstname-database; India/Sri Lanka column,1,-5,
83,Divya,divya,F,Divya,Matthias Winkelmann / Jorg Michael firstname-database; India/Sri Lanka column,1,-5,
84,Gopal,gopal,M,Gopal,Matthias Winkelmann / Jorg Michael firstname-database; India/Sri Lanka column,1,-5,
85,Harry,harry,M,Harry,Matthias Winkelmann / Jorg Michael firstname-database; India/Sri Lanka column,1,-5,
86,Indra,indra,M,Indra,Matthias Winkelmann / Jorg Michael firstname-database; India/Sri Lanka column,1,-5,
87,Kamla,kamla,F,Kamla,Matthias Winkelmann / Jorg Michael firstname-database; India/Sri Lanka column,1,-5,
88,Kanta,kanta,F,Kanta,Matthias Winkelmann / Jorg Michael firstname-database; India/Sri Lanka column,1,-5,
89,Kanti,kanti,F,Kanti,Matthias Winkelmann / Jorg Michael firstname-database; India/Sri Lanka column,1,-5,
90,Kewal,kewal,M,Kewal,Matthias Winkelmann / Jorg Michael firstname-database; India/Sri Lanka column,1,-5,
91,Kirti,kirti,?F,Kirti,Matthias Winkelmann / Jorg Michael firstname-database; India/Sri Lanka column,1,-5,
92,Major,major,M,Major,Matthias Winkelmann / Jorg Michael firstname-database; India/Sri Lanka column,1,-5,
93,Meenu,meenu,F,Meenu,Matthias Winkelmann / Jorg Michael firstname-database; India/Sri Lanka column,1,-5,
94,Megha,megha,F,Megha,Matthias Winkelmann / Jorg Michael firstname-database; India/Sri Lanka column,1,-5,
95,Neena,neena,F,Neena,Matthias Winkelmann / Jorg Michael firstname-database; India/Sri Lanka column,1,-5,
96,Neeru,neeru,F,Neeru,Matthias Winkelmann / Jorg Michael firstname-database; India/Sri Lanka column,1,-5,
97,Neetu,neetu,F,Neetu,Matthias Winkelmann / Jorg Michael firstname-database; India/Sri Lanka column,1,-5,
98,Padma,padma,F,Padma,Matthias Winkelmann / Jorg Michael firstname-database; India/Sri Lanka column,1,-5,
99,Pawan,pawan,?M,Pawan,Matthias Winkelmann / Jorg Michael firstname-database; India/Sri Lanka column,1,-5,
100,Radha,radha,F,Radha,Matthias Winkelmann / Jorg Michael firstname-database; India/Sri Lanka column,1,-5,
101,Rajiv,rajiv,M,Rajiv,Matthias Winkelmann / Jorg Michael firstname-database; India/Sri Lanka column,1,-5,
102,Rakhi,rakhi,F,Rakhi,Matthias Winkelmann / Jorg Michael firstname-database; India/Sri Lanka column,1,-5,
103,Raman,raman,?M,Raman,Matthias Winkelmann / Jorg Michael firstname-database; India/Sri Lanka column,1,-5,
104,Ratan,ratan,M,Ratan,Matthias Winkelmann / Jorg Michael firstname-database; India/Sri Lanka column,1,-5,
105,Ratna,ratna,F,Ratna,Matthias Winkelmann / Jorg Michael firstname-database; India/Sri Lanka column,1,-5,
106,Reema,reema,F,Reema,Matthias Winkelmann / Jorg Michael firstname-database; India/Sri Lanka column,1,-5,
107,Reena,reena,F,Reena,Matthias Winkelmann / Jorg Michael firstname-database; India/Sri Lanka column,1,-5,
108,Richa,richa,F,Richa,Matthias Winkelmann / Jorg Michael firstname-database; India/Sri Lanka column,1,-5,
109,Samir,samir,M,Samir,Matthias Winkelmann / Jorg Michael firstname-database; India/Sri Lanka column,1,-5,
110,Sapna,sapna,F,Sapna,Matthias Winkelmann / Jorg Michael firstname-database; India/Sri Lanka column,1,-5,
111,Sarla,sarla,F,Sarla,Matthias Winkelmann / Jorg Michael firstname-database; India/Sri Lanka column,1,-5,
112,Smita,smita,F,Smita,Matthias Winkelmann / Jorg Michael firstname-database; India/Sri Lanka column,1,-5,
113,Sonal,sonal,F,Sonal,Matthias Winkelmann / Jorg Michael firstname-database; India/Sri Lanka column,1,-5,
114,Sonia,sonia,F,Sonia,Matthias Winkelmann / Jorg Michael firstname-database; India/Sri Lanka column,1,-5,
115,Swati,swati,F,Swati,Matthias Winkelmann / Jorg Michael firstname-database; India/Sri Lanka column,1,-5,
116,Tapas,tapas,M,Tapas,Matthias Winkelmann / Jorg Michael firstname-database; India/Sri Lanka column,1,-5,
117,Vibha,vibha,F,Vibha,Matthias Winkelmann / Jorg Michael firstname-database; India/Sri Lanka column,1,-5,
118,Vikas,vikas,M,Vikas,Matthias Winkelmann / Jorg Michael firstname-database; India/Sri Lanka column,1,-5,
119,Vimla,vimla,F,Vimla,Matthias Winkelmann / Jorg Michael firstname-database; India/Sri Lanka column,1,-5,
120,Vinay,vinay,M,Vinay,Matthias Winkelmann / Jorg Michael firstname-database; India/Sri Lanka column,1,-5,
121,Anu,anu,F,Anu,Matthias Winkelmann / Jorg Michael firstname-database; India/Sri Lanka column,1,-6,
122,Bal,bal,M,Bal,Matthias Winkelmann / Jorg Michael firstname-database; India/Sri Lanka column,1,-6,
123,Jai,jai,M,Jai,Matthias Winkelmann / Jorg Michael firstname-database; India/Sri Lanka column,1,-6,
124,Roy,roy,M,Roy,Matthias Winkelmann / Jorg Michael firstname-database; India/Sri Lanka column,1,-6,
125,Arul,arul,M,Arul,Matthias Winkelmann / Jorg Michael firstname-database; India/Sri Lanka column,1,-6,
126,Asim,asim,M,Asim,Matthias Winkelmann / Jorg Michael firstname-database; India/Sri Lanka column,1,-6,
127,Asit,asit,M,Asit,Matthias Winkelmann / Jorg Michael firstname-database; India/Sri Lanka column,1,-6,
128,Atul,atul,M,Atul,Matthias Winkelmann / Jorg Michael firstname-database; India/Sri Lanka column,1,-6,
129,Babu,babu,M,Babu,Matthias Winkelmann / Jorg Michael firstname-database; India/Sri Lanka column,1,-6,
130,Daya,daya,F,Daya,Matthias Winkelmann / Jorg Michael firstname-database; India/Sri Lanka column,1,-6,
131,Ekta,ekta,F,Ekta,Matthias Winkelmann / Jorg Michael firstname-database; India/Sri Lanka column,1,-6,
132,Gita,gita,F,Gita,Matthias Winkelmann / Jorg Michael firstname-database; India/Sri Lanka column,1,-6,
133,Hira,hira,M,Hira,Matthias Winkelmann / Jorg Michael firstname-database; India/Sri Lanka column,1,-6,
134,Joga,joga,M,Joga,Matthias Winkelmann / Jorg Michael firstname-database; India/Sri Lanka column,1,-6,
135,Mala,mala,F,Mala,Matthias Winkelmann / Jorg Michael firstname-database; India/Sri Lanka column,1,-6,
136,Mira,mira,F,Mira,Matthias Winkelmann / Jorg Michael firstname-database; India/Sri Lanka column,1,-6,
137,Mita,mita,F,Mita,Matthias Winkelmann / Jorg Michael firstname-database; India/Sri Lanka column,1,-6,
138,Neha,neha,F,Neha,Matthias Winkelmann / Jorg Michael firstname-database; India/Sri Lanka column,1,-6,
139,Raja,raja,?M,Raja,Matthias Winkelmann / Jorg Michael firstname-database; India/Sri Lanka column,1,-6,
140,Ranu,ranu,F,Ranu,Matthias Winkelmann / Jorg Michael firstname-database; India/Sri Lanka column,1,-6,
141,Rasu,rasu,M,Rasu,Matthias Winkelmann / Jorg Michael firstname-database; India/Sri Lanka column,1,-6,
142,Roma,roma,F,Roma,Matthias Winkelmann / Jorg Michael firstname-database; India/Sri Lanka column,1,-6,
143,Sewa,sewa,F,Sewa,Matthias Winkelmann / Jorg Michael firstname-database; India/Sri Lanka column,1,-6,
144,Sham,sham,M,Sham,Matthias Winkelmann / Jorg Michael firstname-database; India/Sri Lanka column,1,-6,
145,Siva,siva,?M,Siva,Matthias Winkelmann / Jorg Michael firstname-database; India/Sri Lanka column,1,-6,
146,Tara,tara,F,Tara,Matthias Winkelmann / Jorg Michael firstname-database; India/Sri Lanka column,1,-6,
147,Teja,teja,M,Teja,Matthias Winkelmann / Jorg Michael firstname-database; India/Sri Lanka column,1,-6,
148,Veer,veer,M,Veer,Matthias Winkelmann / Jorg Michael firstname-database; India/Sri Lanka column,1,-6,
149,Abhay,abhay,M,Abhay,Matthias Winkelmann / Jorg Michael firstname-database; India/Sri Lanka column,1,-6,
150,Aditi,aditi,F,Aditi,Matthias Winkelmann / Jorg Michael firstname-database; India/Sri Lanka column,1,-6,
151,Ajmer,ajmer,M,Ajmer,Matthias Winkelmann / Jorg Michael firstname-database; India/Sri Lanka column,1,-6,
152,Aloke,aloke,M,Aloke,Matthias Winkelmann / Jorg Michael firstname-database; India/Sri Lanka column,1,-6,
153,Babli,babli,F,Babli,Matthias Winkelmann / Jorg Michael firstname-database; India/Sri Lanka column,1,-6,
154,Beant,beant,?M,Beant,Matthias Winkelmann / Jorg Michael firstname-database; India/Sri Lanka column,1,-6,
155,Bijoy,bijoy,M,Bijoy,Matthias Winkelmann / Jorg Michael firstname-database; India/Sri Lanka column,1,-6,
156,Bimla,bimla,F,Bimla,Matthias Winkelmann / Jorg Michael firstname-database; India/Sri Lanka column,1,-6,
157,Chand,chand,?M,Chand,Matthias Winkelmann / Jorg Michael firstname-database; India/Sri Lanka column,1,-6,
158,Charu,charu,F,Charu,Matthias Winkelmann / Jorg Michael firstname-database; India/Sri Lanka column,1,-6,
159,Dalip,dalip,M,Dalip,Matthias Winkelmann / Jorg Michael firstname-database; India/Sri Lanka column,1,-6,
160,Dhian,dhian,?,Dhian,Matthias Winkelmann / Jorg Michael firstname-database; India/Sri Lanka column,1,-6,
161,Didar,didar,M,Didar,Matthias Winkelmann / Jorg Michael firstname-database; India/Sri Lanka column,1,-6,
162,Dipak,dipak,M,Dipak,Matthias Winkelmann / Jorg Michael firstname-database; India/Sri Lanka column,1,-6,
163,Dolly,dolly,F,Dolly,Matthias Winkelmann / Jorg Michael firstname-database; India/Sri Lanka column,1,-6,
164,Gauri,gauri,F,Gauri,Matthias Winkelmann / Jorg Michael firstname-database; India/Sri Lanka column,1,-6,
165,Gouri,gouri,F,Gouri,Matthias Winkelmann / Jorg Michael firstname-database; India/Sri Lanka column,1,-6,
166,Gulab,gulab,M,Gulab,Matthias Winkelmann / Jorg Michael firstname-database; India/Sri Lanka column,1,-6,
167,Harsh,harsh,?,Harsh,Matthias Winkelmann / Jorg Michael firstname-database; India/Sri Lanka column,1,-6,
168,Heera,heera,F,Heera,Matthias Winkelmann / Jorg Michael firstname-database; India/Sri Lanka column,1,-6,
169,Jagir,jagir,M,Jagir,Matthias Winkelmann / Jorg Michael firstname-database; India/Sri Lanka column,1,-6,
170,James,james,M,James,Matthias Winkelmann / Jorg Michael firstname-database; India/Sri Lanka column,1,-6,
171,Karam,karam,M,Karam,Matthias Winkelmann / Jorg Michael firstname-database; India/Sri Lanka column,1,-6,
172,Kumud,kumud,?F,Kumud,Matthias Winkelmann / Jorg Michael firstname-database; India/Sri Lanka column,1,-6,
173,Leela,leela,F,Leela,Matthias Winkelmann / Jorg Michael firstname-database; India/Sri Lanka column,1,-6,
174,Mahua,mahua,F,Mahua,Matthias Winkelmann / Jorg Michael firstname-database; India/Sri Lanka column,1,-6,
175,Malti,malti,F,Malti,Matthias Winkelmann / Jorg Michael firstname-database; India/Sri Lanka column,1,-6,
176,Mehar,mehar,M,Mehar,Matthias Winkelmann / Jorg Michael firstname-database; India/Sri Lanka column,1,-6,
177,Mukta,mukta,F,Mukta,Matthias Winkelmann / Jorg Michael firstname-database; India/Sri Lanka column,1,-6,
178,Mukul,mukul,?M,Mukul,Matthias Winkelmann / Jorg Michael firstname-database; India/Sri Lanka column,1,-6,
179,Nagan,nagan,M,Nagan,Matthias Winkelmann / Jorg Michael firstname-database; India/Sri Lanka column,1,-6,
180,Naina,naina,F,Naina,Matthias Winkelmann / Jorg Michael firstname-database; India/Sri Lanka column,1,-6,
181,Neela,neela,F,Neela,Matthias Winkelmann / Jorg Michael firstname-database; India/Sri Lanka column,1,-6,
182,Nishi,nishi,F,Nishi,Matthias Winkelmann / Jorg Michael firstname-database; India/Sri Lanka column,1,-6,
183,Nupur,nupur,?F,Nupur,Matthias Winkelmann / Jorg Michael firstname-database; India/Sri Lanka column,1,-6,
184,Nutan,nutan,F,Nutan,Matthias Winkelmann / Jorg Michael firstname-database; India/Sri Lanka column,1,-6,
185,Onkar,onkar,M,Onkar,Matthias Winkelmann / Jorg Michael firstname-database; India/Sri Lanka column,1,-6,
186,Parul,parul,F,Parul,Matthias Winkelmann / Jorg Michael firstname-database; India/Sri Lanka column,1,-6,
187,Priti,priti,F,Priti,Matthias Winkelmann / Jorg Michael firstname-database; India/Sri Lanka column,1,-6,
188,Rahul,rahul,M,Rahul,Matthias Winkelmann / Jorg Michael firstname-database; India/Sri Lanka column,1,-6,
189,Reeta,reeta,F,Reeta,Matthias Winkelmann / Jorg Michael firstname-database; India/Sri Lanka column,1,-6,
190,Robin,robin,?,Robin,Matthias Winkelmann / Jorg Michael firstname-database; India/Sri Lanka column,1,-6,
191,Ruchi,ruchi,F,Ruchi,Matthias Winkelmann / Jorg Michael firstname-database; India/Sri Lanka column,1,-6,
192,Salil,salil,M,Salil,Matthias Winkelmann / Jorg Michael firstname-database; India/Sri Lanka column,1,-6,
193,Satya,satya,M,Satya,Matthias Winkelmann / Jorg Michael firstname-database; India/Sri Lanka column,1,-6,
194,Shyam,shyam,M,Shyam,Matthias Winkelmann / Jorg Michael firstname-database; India/Sri Lanka column,1,-6,
195,Sucha,sucha,M,Sucha,Matthias Winkelmann / Jorg Michael firstname-database; India/Sri Lanka column,1,-6,
196,Sukla,sukla,M,Sukla,Matthias Winkelmann / Jorg Michael firstname-database; India/Sri Lanka column,1,-6,
197,Surya,surya,M,Surya,Matthias Winkelmann / Jorg Michael firstname-database; India/Sri Lanka column,1,-6,
198,Swarn,swarn,?M,Swarn,Matthias Winkelmann / Jorg Michael firstname-database; India/Sri Lanka column,1,-6,
199,Sweta,sweta,F,Sweta,Matthias Winkelmann / Jorg Michael firstname-database; India/Sri Lanka column,1,-6,
200,Tapan,tapan,M,Tapan,Matthias Winkelmann / Jorg Michael firstname-database; India/Sri Lanka column,1,-6,
201,Ujjal,ujjal,M,Ujjal,Matthias Winkelmann / Jorg Michael firstname-database; India/Sri Lanka column,1,-6,
202,Vidya,vidya,?F,Vidya,Matthias Winkelmann / Jorg Michael firstname-database; India/Sri Lanka column,1,-6,
203,Vivek,vivek,M,Vivek,Matthias Winkelmann / Jorg Michael firstname-database; India/Sri Lanka column,1,-6,
204,Om,om,M,Om,Matthias Winkelmann / Jorg Michael firstname-database; India/Sri Lanka column,1,-7,
205,Dip,dip,M,Dip,Matthias Winkelmann / Jorg Michael firstname-database; India/Sri Lanka column,1,-7,
206,Ila,ila,F,Ila,Matthias Winkelmann / Jorg Michael firstname-database; India/Sri Lanka column,1,-7,
207,Jas,jas,M,Jas,Matthias Winkelmann / Jorg Michael firstname-database; India/Sri Lanka column,1,-7,
208,Alak,alak,M,Alak,Matthias Winkelmann / Jorg Michael firstname-database; India/Sri Lanka column,1,-7,
209,Amal,amal,M,Amal,Matthias Winkelmann / Jorg Michael firstname-database; India/Sri Lanka column,1,-7,
210,Arup,arup,M,Arup,Matthias Winkelmann / Jorg Michael firstname-database; India/Sri Lanka column,1,-7,
211,Asis,asis,M,Asis,Matthias Winkelmann / Jorg Michael firstname-database; India/Sri Lanka column,1,-7,
212,Bina,bina,F,Bina,Matthias Winkelmann / Jorg Michael firstname-database; India/Sri Lanka column,1,-7,
213,Gian,gian,M,Gian,Matthias Winkelmann / Jorg Michael firstname-database; India/Sri Lanka column,1,-7,
214,Hary,hary,M,Hary,Matthias Winkelmann / Jorg Michael firstname-database; India/Sri Lanka column,1,-7,
215,Hema,hema,F,Hema,Matthias Winkelmann / Jorg Michael firstname-database; India/Sri Lanka column,1,-7,
216,John,john,M,John,Matthias Winkelmann / Jorg Michael firstname-database; India/Sri Lanka column,1,-7,
217,Jude,jude,?M,Jude,Matthias Winkelmann / Jorg Michael firstname-database; India/Sri Lanka column,1,-7,
218,Juhi,juhi,F,Juhi,Matthias Winkelmann / Jorg Michael firstname-database; India/Sri Lanka column,1,-7,
219,Manu,manu,?,Manu,Matthias Winkelmann / Jorg Michael firstname-database; India/Sri Lanka column,1,-7,
220,Mina,mina,F,Mina,Matthias Winkelmann / Jorg Michael firstname-database; India/Sri Lanka column,1,-7,
221,Nani,nani,F,Nani,Matthias Winkelmann / Jorg Michael firstname-database; India/Sri Lanka column,1,-7,
222,Prit,prit,?M,Prit,Matthias Winkelmann / Jorg Michael firstname-database; India/Sri Lanka column,1,-7,
223,Raju,raju,M,Raju,Matthias Winkelmann / Jorg Michael firstname-database; India/Sri Lanka column,1,-7,
224,Rana,rana,M,Rana,Matthias Winkelmann / Jorg Michael firstname-database; India/Sri Lanka column,1,-7,
225,Rasa,rasa,M,Rasa,Matthias Winkelmann / Jorg Michael firstname-database; India/Sri Lanka column,1,-7,
226,Rina,rina,F,Rina,Matthias Winkelmann / Jorg Michael firstname-database; India/Sri Lanka column,1,-7,
227,Rosa,rosa,F,Rosa,Matthias Winkelmann / Jorg Michael firstname-database; India/Sri Lanka column,1,-7,
228,Rupa,rupa,F,Rupa,Matthias Winkelmann / Jorg Michael firstname-database; India/Sri Lanka column,1,-7,
229,Shan,shan,M,Shan,Matthias Winkelmann / Jorg Michael firstname-database; India/Sri Lanka column,1,-7,
230,Siri,siri,M,Siri,Matthias Winkelmann / Jorg Michael firstname-database; India/Sri Lanka column,1,-7,
231,Sita,sita,F,Sita,Matthias Winkelmann / Jorg Michael firstname-database; India/Sri Lanka column,1,-7,
232,Soma,soma,F,Soma,Matthias Winkelmann / Jorg Michael firstname-database; India/Sri Lanka column,1,-7,
233,Sona,sona,F,Sona,Matthias Winkelmann / Jorg Michael firstname-database; India/Sri Lanka column,1,-7,
234,Urmi,urmi,F,Urmi,Matthias Winkelmann / Jorg Michael firstname-database; India/Sri Lanka column,1,-7,
235,Viny,viny,?,Viny,Matthias Winkelmann / Jorg Michael firstname-database; India/Sri Lanka column,1,-7,
236,Akash,akash,M,Akash,Matthias Winkelmann / Jorg Michael firstname-database; India/Sri Lanka column,1,-7,
237,Amala,amala,F,Amala,Matthias Winkelmann / Jorg Michael firstname-database; India/Sri Lanka column,1,-7,
238,Anjan,anjan,?,Anjan,Matthias Winkelmann / Jorg Michael firstname-database; India/Sri Lanka column,1,-7,
239,Ankit,ankit,M,Ankit,Matthias Winkelmann / Jorg Michael firstname-database; India/Sri Lanka column,1,-7,
240,Arjun,arjun,M,Arjun,Matthias Winkelmann / Jorg Michael firstname-database; India/Sri Lanka column,1,-7,
241,Badri,badri,M,Badri,Matthias Winkelmann / Jorg Michael firstname-database; India/Sri Lanka column,1,-7,
242,Basra,basra,F,Basra,Matthias Winkelmann / Jorg Michael firstname-database; India/Sri Lanka column,1,-7,
243,Bindu,bindu,F,Bindu,Matthias Winkelmann / Jorg Michael firstname-database; India/Sri Lanka column,1,-7,
244,Daler,daler,M,Daler,Matthias Winkelmann / Jorg Michael firstname-database; India/Sri Lanka column,1,-7,
245,Ganga,ganga,F,Ganga,Matthias Winkelmann / Jorg Michael firstname-database; India/Sri Lanka column,1,-7,
246,Hayat,hayat,M,Hayat,Matthias Winkelmann / Jorg Michael firstname-database; India/Sri Lanka column,1,-7,
247,Heena,heena,F,Heena,Matthias Winkelmann / Jorg Michael firstname-database; India/Sri Lanka column,1,-7,
248,Himel,himel,M,Himel,Matthias Winkelmann / Jorg Michael firstname-database; India/Sri Lanka column,1,-7,
249,Igbal,igbal,M,Igbal,Matthias Winkelmann / Jorg Michael firstname-database; India/Sri Lanka column,1,-7,
250,Janki,janki,F,Janki,Matthias Winkelmann / Jorg Michael firstname-database; India/Sri Lanka column,1,-7,
251,Jimmy,jimmy,M,Jimmy,Matthias Winkelmann / Jorg Michael firstname-database; India/Sri Lanka column,1,-7,
252,Jiwan,jiwan,M,Jiwan,Matthias Winkelmann / Jorg Michael firstname-database; India/Sri Lanka column,1,-7,
253,Kabal,kabal,M,Kabal,Matthias Winkelmann / Jorg Michael firstname-database; India/Sri Lanka column,1,-7,
254,Kapil,kapil,M,Kapil,Matthias Winkelmann / Jorg Michael firstname-database; India/Sri Lanka column,1,-7,
255,Karan,karan,M,Karan,Matthias Winkelmann / Jorg Michael firstname-database; India/Sri Lanka column,1,-7,
256,Karma,karma,M,Karma,Matthias Winkelmann / Jorg Michael firstname-database; India/Sri Lanka column,1,-7,
257,Kevin,kevin,M,Kevin,Matthias Winkelmann / Jorg Michael firstname-database; India/Sri Lanka column,1,-7,
258,Latha,latha,F,Latha,Matthias Winkelmann / Jorg Michael firstname-database; India/Sri Lanka column,1,-7,
259,Meeta,meeta,F,Meeta,Matthias Winkelmann / Jorg Michael firstname-database; India/Sri Lanka column,1,-7,
260,Muthu,muthu,M,Muthu,Matthias Winkelmann / Jorg Michael firstname-database; India/Sri Lanka column,1,-7,
261,Najma,najma,F,Najma,Matthias Winkelmann / Jorg Michael firstname-database; India/Sri Lanka column,1,-7,
262,Nanam,nanam,M,Nanam,Matthias Winkelmann / Jorg Michael firstname-database; India/Sri Lanka column,1,-7,
263,Neelu,neelu,F,Neelu,Matthias Winkelmann / Jorg Michael firstname-database; India/Sri Lanka column,1,-7,
264,Neeti,neeti,F,Neeti,Matthias Winkelmann / Jorg Michael firstname-database; India/Sri Lanka column,1,-7,
265,Nidhi,nidhi,F,Nidhi,Matthias Winkelmann / Jorg Michael firstname-database; India/Sri Lanka column,1,-7,
266,Nihal,nihal,M,Nihal,Matthias Winkelmann / Jorg Michael firstname-database; India/Sri Lanka column,1,-7,
267,Niroy,niroy,M,Niroy,Matthias Winkelmann / Jorg Michael firstname-database; India/Sri Lanka column,1,-7,
268,Preet,preet,?M,Preet,Matthias Winkelmann / Jorg Michael firstname-database; India/Sri Lanka column,1,-7,
269,Prmod,prmod,M,Prmod,Matthias Winkelmann / Jorg Michael firstname-database; India/Sri Lanka column,1,-7,
270,Punit,punit,M,Punit,Matthias Winkelmann / Jorg Michael firstname-database; India/Sri Lanka column,1,-7,
271,Rajah,rajah,M,Rajah,Matthias Winkelmann / Jorg Michael firstname-database; India/Sri Lanka column,1,-7,
272,Ramon,ramon,M,Ramon,Matthias Winkelmann / Jorg Michael firstname-database; India/Sri Lanka column,1,-7,
273,Rathy,rathy,?M,Rathy,Matthias Winkelmann / Jorg Michael firstname-database; India/Sri Lanka column,1,-7,
274,Ricky,ricky,M,Ricky,Matthias Winkelmann / Jorg Michael firstname-database; India/Sri Lanka column,1,-7,
275,Sahib,sahib,M,Sahib,Matthias Winkelmann / Jorg Michael firstname-database; India/Sri Lanka column,1,-7,
276,Seeta,seeta,F,Seeta,Matthias Winkelmann / Jorg Michael firstname-database; India/Sri Lanka column,1,-7,
277,Shail,shail,?M,Shail,Matthias Winkelmann / Jorg Michael firstname-database; India/Sri Lanka column,1,-7,
278,Shana,shana,F,Shana,Matthias Winkelmann / Jorg Michael firstname-database; India/Sri Lanka column,1,-7,
279,Sneha,sneha,F,Sneha,Matthias Winkelmann / Jorg Michael firstname-database; India/Sri Lanka column,1,-7,
280,Sobha,sobha,F,Sobha,Matthias Winkelmann / Jorg Michael firstname-database; India/Sri Lanka column,1,-7,
281,Sohan,sohan,M,Sohan,Matthias Winkelmann / Jorg Michael firstname-database; India/Sri Lanka column,1,-7,
282,Srini,srini,M,Srini,Matthias Winkelmann / Jorg Michael firstname-database; India/Sri Lanka column,1,-7,
283,Subha,subha,M,Subha,Matthias Winkelmann / Jorg Michael firstname-database; India/Sri Lanka column,1,-7,
284,Subir,subir,M,Subir,Matthias Winkelmann / Jorg Michael firstname-database; India/Sri Lanka column,1,-7,
285,Sujit,sujit,M,Sujit,Matthias Winkelmann / Jorg Michael firstname-database; India/Sri Lanka column,1,-7,
286,Sumit,sumit,M,Sumit,Matthias Winkelmann / Jorg Michael firstname-database; India/Sri Lanka column,1,-7,
287,Suraj,suraj,M,Suraj,Matthias Winkelmann / Jorg Michael firstname-database; India/Sri Lanka column,1,-7,
288,Surat,surat,M,Surat,Matthias Winkelmann / Jorg Michael firstname-database; India/Sri Lanka column,1,-7,
289,Suryo,suryo,M,Suryo,Matthias Winkelmann / Jorg Michael firstname-database; India/Sri Lanka column,1,-7,
290,Tarun,tarun,M,Tarun,Matthias Winkelmann / Jorg Michael firstname-database; India/Sri Lanka column,1,-7,
291,Thiru,thiru,M,Thiru,Matthias Winkelmann / Jorg Michael firstname-database; India/Sri Lanka column,1,-7,
292,Tulsa,tulsa,F,Tulsa,Matthias Winkelmann / Jorg Michael firstname-database; India/Sri Lanka column,1,-7,
293,Udaya,udaya,F,Udaya,Matthias Winkelmann / Jorg Michael firstname-database; India/Sri Lanka column,1,-7,
294,Umesh,umesh,M,Umesh,Matthias Winkelmann / Jorg Michael firstname-database; India/Sri Lanka column,1,-7,
295,Urmil,urmil,F,Urmil,Matthias Winkelmann / Jorg Michael firstname-database; India/Sri Lanka column,1,-7,
296,Utpal,utpal,M,Utpal,Matthias Winkelmann / Jorg Michael firstname-database; India/Sri Lanka column,1,-7,
297,Uttam,uttam,M,Uttam,Matthias Winkelmann / Jorg Michael firstname-database; India/Sri Lanka column,1,-7,
298,Vidhu,vidhu,M,Vidhu,Matthias Winkelmann / Jorg Michael firstname-database; India/Sri Lanka column,1,-7,
299,De,de,?,De,Matthias Winkelmann / Jorg Michael firstname-database; India/Sri Lanka column,1,-8,
300,Po,po,?,Po,Matthias Winkelmann / Jorg Michael firstname-database; India/Sri Lanka column,1,-8,
301,Ana,ana,F,Ana,Matthias Winkelmann / Jorg Michael firstname-database; India/Sri Lanka column,1,-8,
302,Deb,deb,M,Deb,Matthias Winkelmann / Jorg Michael firstname-database; India/Sri Lanka column,1,-8,
303,Iva,iva,F,Iva,Matthias Winkelmann / Jorg Michael firstname-database; India/Sri Lanka column,1,-8,
304,Joy,joy,M,Joy,Matthias Winkelmann / Jorg Michael firstname-database; India/Sri Lanka column,1,-8,
305,Kum,kum,?,Kum,Matthias Winkelmann / Jorg Michael firstname-database; India/Sri Lanka column,1,-8,
306,Man,man,?,Man,Matthias Winkelmann / Jorg Michael firstname-database; India/Sri Lanka column,1,-8,
307,Naz,naz,F,Naz,Matthias Winkelmann / Jorg Michael firstname-database; India/Sri Lanka column,1,-8,
308,Omi,omi,F,Omi,Matthias Winkelmann / Jorg Michael firstname-database; India/Sri Lanka column,1,-8,
309,Rao,rao,?,Rao,Matthias Winkelmann / Jorg Michael firstname-database; India/Sri Lanka column,1,-8,
310,Sai,sai,?,Sai,Matthias Winkelmann / Jorg Michael firstname-database; India/Sri Lanka column,1,-8,
311,Som,som,M,Som,Matthias Winkelmann / Jorg Michael firstname-database; India/Sri Lanka column,1,-8,
312,Aron,aron,M,Aron,Matthias Winkelmann / Jorg Michael firstname-database; India/Sri Lanka column,1,-8,
313,Bajo,bajo,M,Bajo,Matthias Winkelmann / Jorg Michael firstname-database; India/Sri Lanka column,1,-8,
314,Dara,dara,F,Dara,Matthias Winkelmann / Jorg Michael firstname-database; India/Sri Lanka column,1,-8,
315,Debi,debi,?F,Debi,Matthias Winkelmann / Jorg Michael firstname-database; India/Sri Lanka column,1,-8,
316,Dodo,dodo,?M,Dodo,Matthias Winkelmann / Jorg Michael firstname-database; India/Sri Lanka column,1,-8,
317,Dola,dola,F,Dola,Matthias Winkelmann / Jorg Michael firstname-database; India/Sri Lanka column,1,-8,
318,Guna,guna,F,Guna,Matthias Winkelmann / Jorg Michael firstname-database; India/Sri Lanka column,1,-8,
319,Hedy,hedy,F,Hedy,Matthias Winkelmann / Jorg Michael firstname-database; India/Sri Lanka column,1,-8,
320,Hela,hela,F,Hela,Matthias Winkelmann / Jorg Michael firstname-database; India/Sri Lanka column,1,-8,
321,Huma,huma,F,Huma,Matthias Winkelmann / Jorg Michael firstname-database; India/Sri Lanka column,1,-8,
322,Inga,inga,F,Inga,Matthias Winkelmann / Jorg Michael firstname-database; India/Sri Lanka column,1,-8,
323,Iren,iren,F,Iren,Matthias Winkelmann / Jorg Michael firstname-database; India/Sri Lanka column,1,-8,
324,Jara,jara,F,Jara,Matthias Winkelmann / Jorg Michael firstname-database; India/Sri Lanka column,1,-8,
325,Jeng,jeng,?,Jeng,Matthias Winkelmann / Jorg Michael firstname-database; India/Sri Lanka column,1,-8,
326,Jora,jora,F,Jora,Matthias Winkelmann / Jorg Michael firstname-database; India/Sri Lanka column,1,-8,
327,Kant,kant,M,Kant,Matthias Winkelmann / Jorg Michael firstname-database; India/Sri Lanka column,1,-8,
328,Loga,loga,?,Loga,Matthias Winkelmann / Jorg Michael firstname-database; India/Sri Lanka column,1,-8,
329,Mall,mall,F,Mall,Matthias Winkelmann / Jorg Michael firstname-database; India/Sri Lanka column,1,-8,
330,Mani,mani,?M,Mani,Matthias Winkelmann / Jorg Michael firstname-database; India/Sri Lanka column,1,-8,
331,Mano,mano,M,Mano,Matthias Winkelmann / Jorg Michael firstname-database; India/Sri Lanka column,1,-8,
332,Neva,neva,F,Neva,Matthias Winkelmann / Jorg Michael firstname-database; India/Sri Lanka column,1,-8,
333,Nila,nila,F,Nila,Matthias Winkelmann / Jorg Michael firstname-database; India/Sri Lanka column,1,-8,
334,Nini,nini,F,Nini,Matthias Winkelmann / Jorg Michael firstname-database; India/Sri Lanka column,1,-8,
335,Nira,nira,F,Nira,Matthias Winkelmann / Jorg Michael firstname-database; India/Sri Lanka column,1,-8,
336,Nita,nita,F,Nita,Matthias Winkelmann / Jorg Michael firstname-database; India/Sri Lanka column,1,-8,
337,Nitu,nitu,M,Nitu,Matthias Winkelmann / Jorg Michael firstname-database; India/Sri Lanka column,1,-8,
338,Rabi,rabi,M,Rabi,Matthias Winkelmann / Jorg Michael firstname-database; India/Sri Lanka column,1,-8,
339,Ramo,ramo,M,Ramo,Matthias Winkelmann / Jorg Michael firstname-database; India/Sri Lanka column,1,-8,
340,Rati,rati,?F,Rati,Matthias Winkelmann / Jorg Michael firstname-database; India/Sri Lanka column,1,-8,
341,Robi,robi,M,Robi,Matthias Winkelmann / Jorg Michael firstname-database; India/Sri Lanka column,1,-8,
342,Roli,roli,F,Roli,Matthias Winkelmann / Jorg Michael firstname-database; India/Sri Lanka column,1,-8,
343,Seno,seno,M,Seno,Matthias Winkelmann / Jorg Michael firstname-database; India/Sri Lanka column,1,-8,
344,Shiv,shiv,M,Shiv,Matthias Winkelmann / Jorg Michael firstname-database; India/Sri Lanka column,1,-8,
345,Simi,simi,F,Simi,Matthias Winkelmann / Jorg Michael firstname-database; India/Sri Lanka column,1,-8,
346,Suma,suma,F,Suma,Matthias Winkelmann / Jorg Michael firstname-database; India/Sri Lanka column,1,-8,
347,Taru,taru,F,Taru,Matthias Winkelmann / Jorg Michael firstname-database; India/Sri Lanka column,1,-8,
348,Thea,thea,F,Thea,Matthias Winkelmann / Jorg Michael firstname-database; India/Sri Lanka column,1,-8,
349,Tila,tila,F,Tila,Matthias Winkelmann / Jorg Michael firstname-database; India/Sri Lanka column,1,-8,
350,Vira,vira,F,Vira,Matthias Winkelmann / Jorg Michael firstname-database; India/Sri Lanka column,1,-8,
351,Aneel,aneel,M,Aneel,Matthias Winkelmann / Jorg Michael firstname-database; India/Sri Lanka column,1,-8,
352,Anuja,anuja,F,Anuja,Matthias Winkelmann / Jorg Michael firstname-database; India/Sri Lanka column,1,-8,
353,Barin,barin,?,Barin,Matthias Winkelmann / Jorg Michael firstname-database; India/Sri Lanka column,1,-8,
354,Bijan,bijan,F,Bijan,Matthias Winkelmann / Jorg Michael firstname-database; India/Sri Lanka column,1,-8,
355,Frida,frida,F,Frida,Matthias Winkelmann / Jorg Michael firstname-database; India/Sri Lanka column,1,-8,
356,Gidda,gidda,F,Gidda,Matthias Winkelmann / Jorg Michael firstname-database; India/Sri Lanka column,1,-8,
357,Gowri,gowri,F,Gowri,Matthias Winkelmann / Jorg Michael firstname-database; India/Sri Lanka column,1,-8,
358,Gunta,gunta,F,Gunta,Matthias Winkelmann / Jorg Michael firstname-database; India/Sri Lanka column,1,-8,
359,Humam,humam,M,Humam,Matthias Winkelmann / Jorg Michael firstname-database; India/Sri Lanka column,1,-8,
360,Humpy,humpy,?F,Humpy,Matthias Winkelmann / Jorg Michael firstname-database; India/Sri Lanka column,1,-8,
361,Jeeva,jeeva,M,Jeeva,Matthias Winkelmann / Jorg Michael firstname-database; India/Sri Lanka column,1,-8,
362,Jenny,jenny,F,Jenny,Matthias Winkelmann / Jorg Michael firstname-database; India/Sri Lanka column,1,-8,
363,Jerad,jerad,M,Jerad,Matthias Winkelmann / Jorg Michael firstname-database; India/Sri Lanka column,1,-8,
364,Johny,johny,M,Johny,Matthias Winkelmann / Jorg Michael firstname-database; India/Sri Lanka column,1,-8,
365,Kajal,kajal,F,Kajal,Matthias Winkelmann / Jorg Michael firstname-database; India/Sri Lanka column,1,-8,
366,Kanth,kanth,M,Kanth,Matthias Winkelmann / Jorg Michael firstname-database; India/Sri Lanka column,1,-8,
367,Kukoo,kukoo,?,Kukoo,Matthias Winkelmann / Jorg Michael firstname-database; India/Sri Lanka column,1,-8,
368,Lucky,lucky,?,Lucky,Matthias Winkelmann / Jorg Michael firstname-database; India/Sri Lanka column,1,-8,
369,Mabel,mabel,F,Mabel,Matthias Winkelmann / Jorg Michael firstname-database; India/Sri Lanka column,1,-8,
370,Malay,malay,M,Malay,Matthias Winkelmann / Jorg Michael firstname-database; India/Sri Lanka column,1,-8,
371,Manya,manya,F,Manya,Matthias Winkelmann / Jorg Michael firstname-database; India/Sri Lanka column,1,-8,
372,Menka,menka,F,Menka,Matthias Winkelmann / Jorg Michael firstname-database; India/Sri Lanka column,1,-8,
373,Merra,merra,F,Merra,Matthias Winkelmann / Jorg Michael firstname-database; India/Sri Lanka column,1,-8,
374,Minal,minal,F,Minal,Matthias Winkelmann / Jorg Michael firstname-database; India/Sri Lanka column,1,-8,
375,Monia,monia,F,Monia,Matthias Winkelmann / Jorg Michael firstname-database; India/Sri Lanka column,1,-8,
376,Myrna,myrna,F,Myrna,Matthias Winkelmann / Jorg Michael firstname-database; India/Sri Lanka column,1,-8,
377,Navin,navin,M,Navin,Matthias Winkelmann / Jorg Michael firstname-database; India/Sri Lanka column,1,-8,
378,Nazar,nazar,M,Nazar,Matthias Winkelmann / Jorg Michael firstname-database; India/Sri Lanka column,1,-8,
379,Needa,needa,F,Needa,Matthias Winkelmann / Jorg Michael firstname-database; India/Sri Lanka column,1,-8,
380,Nikki,nikki,F,Nikki,Matthias Winkelmann / Jorg Michael firstname-database; India/Sri Lanka column,1,-8,
381,Panna,panna,F,Panna,Matthias Winkelmann / Jorg Michael firstname-database; India/Sri Lanka column,1,-8,
382,Phera,phera,?,Phera,Matthias Winkelmann / Jorg Michael firstname-database; India/Sri Lanka column,1,-8,
383,Ranga,ranga,M,Ranga,Matthias Winkelmann / Jorg Michael firstname-database; India/Sri Lanka column,1,-8,
384,Rohan,rohan,M,Rohan,Matthias Winkelmann / Jorg Michael firstname-database; India/Sri Lanka column,1,-8,
385,Sagar,sagar,M,Sagar,Matthias Winkelmann / Jorg Michael firstname-database; India/Sri Lanka column,1,-8,
386,Saini,saini,F,Saini,Matthias Winkelmann / Jorg Michael firstname-database; India/Sri Lanka column,1,-8,
387,Sarai,sarai,F,Sarai,Matthias Winkelmann / Jorg Michael firstname-database; India/Sri Lanka column,1,-8,
388,Seena,seena,F,Seena,Matthias Winkelmann / Jorg Michael firstname-database; India/Sri Lanka column,1,-8,
389,Seita,seita,F,Seita,Matthias Winkelmann / Jorg Michael firstname-database; India/Sri Lanka column,1,-8,
390,Shiva,shiva,M,Shiva,Matthias Winkelmann / Jorg Michael firstname-database; India/Sri Lanka column,1,-8,
391,Shoba,shoba,F,Shoba,Matthias Winkelmann / Jorg Michael firstname-database; India/Sri Lanka column,1,-8,
392,Shyan,shyan,M,Shyan,Matthias Winkelmann / Jorg Michael firstname-database; India/Sri Lanka column,1,-8,
393,Sinan,sinan,M,Sinan,Matthias Winkelmann / Jorg Michael firstname-database; India/Sri Lanka column,1,-8,
394,Sunit,sunit,M,Sunit,Matthias Winkelmann / Jorg Michael firstname-database; India/Sri Lanka column,1,-8,
395,Sunny,sunny,M,Sunny,Matthias Winkelmann / Jorg Michael firstname-database; India/Sri Lanka column,1,-8,
396,Suren,suren,M,Suren,Matthias Winkelmann / Jorg Michael firstname-database; India/Sri Lanka column,1,-8,
397,Taran,taran,M,Taran,Matthias Winkelmann / Jorg Michael firstname-database; India/Sri Lanka column,1,-8,
398,Vanda,vanda,F,Vanda,Matthias Winkelmann / Jorg Michael firstname-database; India/Sri Lanka column,1,-8,
399,Veera,veera,F,Veera,Matthias Winkelmann / Jorg Michael firstname-database; India/Sri Lanka column,1,-8,
400,Vipul,vipul,M,Vipul,Matthias Winkelmann / Jorg Michael firstname-database; India/Sri Lanka column,1,-8,
401,Virag,virag,M,Virag,Matthias Winkelmann / Jorg Michael firstname-database; India/Sri Lanka column,1,-8,
402,Aabid,aabid,,aabid,balasahebgulave/Dataset-Indian-Names Indian_Names.csv,2,,2
403,Aadil,aadil,,aadil,balasahebgulave/Dataset-Indian-Names Indian_Names.csv,2,,6
404,Aahim,aahim,,aahim,balasahebgulave/Dataset-Indian-Names Indian_Names.csv,2,,15
405,Aajad,aajad,,aajad,balasahebgulave/Dataset-Indian-Names Indian_Names.csv,2,,16
406,Aajiv,aajiv,,aajiv,balasahebgulave/Dataset-Indian-Names Indian_Names.csv,2,,17
407,Aakar,aakar,,aakar,balasahebgulave/Dataset-Indian-Names Indian_Names.csv,2,,19
408,Aakas,aakas,,aakas,balasahebgulave/Dataset-Indian-Names Indian_Names.csv,2,,20
409,Aakib,aakib,,aakib,balasahebgulave/Dataset-Indian-Names Indian_Names.csv,2,,22
410,Aalam,aalam,,aalam,balasahebgulave/Dataset-Indian-Names Indian_Names.csv,2,,23
411,Aamil,aamil,,aamil,balasahebgulave/Dataset-Indian-Names Indian_Names.csv,2,,26
412,Aamin,aamin,,aamin,balasahebgulave/Dataset-Indian-Names Indian_Names.csv,2,,27
413,Aamir,aamir,,aamir,balasahebgulave/Dataset-Indian-Names Indian_Names.csv,2,,29
414,Aamod,aamod,,aamod,balasahebgulave/Dataset-Indian-Names Indian_Names.csv,2,,30
415,Aanad,aanad,,aanad,balasahebgulave/Dataset-Indian-Names Indian_Names.csv,2,,33
416,Aanik,aanik,,aanik,balasahebgulave/Dataset-Indian-Names Indian_Names.csv,2,,37
417,Aanil,aanil,,aanil,balasahebgulave/Dataset-Indian-Names Indian_Names.csv,2,,38
418,Aansi,aansi,,aansi,balasahebgulave/Dataset-Indian-Names Indian_Names.csv,2,,39
419,Aansu,aansu,,aansu,balasahebgulave/Dataset-Indian-Names Indian_Names.csv,2,,40
420,Aanya,aanya,,aanya,balasahebgulave/Dataset-Indian-Names Indian_Names.csv,2,,41
421,Aarav,aarav,,aarav,balasahebgulave/Dataset-Indian-Names Indian_Names.csv,2,,44
422,Aarif,aarif,,aarif,balasahebgulave/Dataset-Indian-Names Indian_Names.csv,2,,46
423,Aarju,aarju,,aarju,balasahebgulave/Dataset-Indian-Names Indian_Names.csv,2,,49
424,Aas,aas,,aas,balasahebgulave/Dataset-Indian-Names Indian_Names.csv,2,,52
425,Aasa,aasa,,aasa,balasahebgulave/Dataset-Indian-Names Indian_Names.csv,2,,53
426,Aash,aash,,aash,balasahebgulave/Dataset-Indian-Names Indian_Names.csv,2,,54
427,Aasha,aasha,,aasha,balasahebgulave/Dataset-Indian-Names Indian_Names.csv,2,,55
428,Aashi,aashi,,aashi,balasahebgulave/Dataset-Indian-Names Indian_Names.csv,2,,56
429,Aashu,aashu,,aashu,balasahebgulave/Dataset-Indian-Names Indian_Names.csv,2,,64
430,Aasif,aasif,,aasif,balasahebgulave/Dataset-Indian-Names Indian_Names.csv,2,,65
431,Aasim,aasim,,aasim,balasahebgulave/Dataset-Indian-Names Indian_Names.csv,2,,66
432,Aasma,aasma,,aasma,balasahebgulave/Dataset-Indian-Names Indian_Names.csv,2,,68
433,Aasto,aasto,,aasto,balasahebgulave/Dataset-Indian-Names Indian_Names.csv,2,,71
434,Aasu,aasu,,aasu,balasahebgulave/Dataset-Indian-Names Indian_Names.csv,2,,72
435,Aatam,aatam,,aatam,balasahebgulave/Dataset-Indian-Names Indian_Names.csv,2,,73
436,Aatif,aatif,,aatif,balasahebgulave/Dataset-Indian-Names Indian_Names.csv,2,,74
437,Aatir,aatir,,aatir,balasahebgulave/Dataset-Indian-Names Indian_Names.csv,2,,76
438,Aazad,aazad,,aazad,balasahebgulave/Dataset-Indian-Names Indian_Names.csv,2,,82
439,Abash,abash,,abash,balasahebgulave/Dataset-Indian-Names Indian_Names.csv,2,,84
440,Abbal,abbal,,abbal,balasahebgulave/Dataset-Indian-Names Indian_Names.csv,2,,85
441,Abbas,abbas,,abbas,balasahebgulave/Dataset-Indian-Names Indian_Names.csv,2,,86
442,Abdul,abdul,,abdul,balasahebgulave/Dataset-Indian-Names Indian_Names.csv,2,,87
443,Abhi,abhi,,abhi,balasahebgulave/Dataset-Indian-Names Indian_Names.csv,2,,95
444,Abid,abid,,abid,balasahebgulave/Dataset-Indian-Names Indian_Names.csv,2,,115
445,Abida,abida,,abida,balasahebgulave/Dataset-Indian-Names Indian_Names.csv,2,,116
446,Abrar,abrar,,abrar,balasahebgulave/Dataset-Indian-Names Indian_Names.csv,2,,119
447,Abu,abu,,abu,balasahebgulave/Dataset-Indian-Names Indian_Names.csv,2,,120
448,Abul,abul,,abul,balasahebgulave/Dataset-Indian-Names Indian_Names.csv,2,,121
449,Achin,achin,,achin,balasahebgulave/Dataset-Indian-Names Indian_Names.csv,2,,122
450,Adan,adan,,adan,balasahebgulave/Dataset-Indian-Names Indian_Names.csv,2,,124
451,Adesh,adesh,,adesh,balasahebgulave/Dataset-Indian-Names Indian_Names.csv,2,,127
452,Adi,adi,,adi,balasahebgulave/Dataset-Indian-Names Indian_Names.csv,2,,129
453,Adiba,adiba,,adiba,balasahebgulave/Dataset-Indian-Names Indian_Names.csv,2,,130
454,Adil,adil,,adil,balasahebgulave/Dataset-Indian-Names Indian_Names.csv,2,,131
455,Adnan,adnan,,adnan,balasahebgulave/Dataset-Indian-Names Indian_Names.csv,2,,137
456,Aejaz,aejaz,,aejaz,balasahebgulave/Dataset-Indian-Names Indian_Names.csv,2,,139
457,Aesha,aesha,,aesha,balasahebgulave/Dataset-Indian-Names Indian_Names.csv,2,,140
458,Affan,affan,,affan,balasahebgulave/Dataset-Indian-Names Indian_Names.csv,2,,142
459,Afjal,afjal,,afjal,balasahebgulave/Dataset-Indian-Names Indian_Names.csv,2,,143
460,Afrin,afrin,,afrin,balasahebgulave/Dataset-Indian-Names Indian_Names.csv,2,,145
461,Afroz,afroz,,afroz,balasahebgulave/Dataset-Indian-Names Indian_Names.csv,2,,147
462,Afsar,afsar,,afsar,balasahebgulave/Dataset-Indian-Names Indian_Names.csv,2,,149
463,Afsha,afsha,,afsha,balasahebgulave/Dataset-Indian-Names Indian_Names.csv,2,,151
464,Aftab,aftab,,aftab,balasahebgulave/Dataset-Indian-Names Indian_Names.csv,2,,154
465,Afzaj,afzaj,,afzaj,balasahebgulave/Dataset-Indian-Names Indian_Names.csv,2,,155
466,Afzal,afzal,,afzal,balasahebgulave/Dataset-Indian-Names Indian_Names.csv,2,,156
467,Agrej,agrej,,agrej,balasahebgulave/Dataset-Indian-Names Indian_Names.csv,2,,157
468,Ahmad,ahmad,,ahmad,balasahebgulave/Dataset-Indian-Names Indian_Names.csv,2,,160
469,Ahmed,ahmed,,ahmed,balasahebgulave/Dataset-Indian-Names Indian_Names.csv,2,,161
470,Ahsan,ahsan,,ahsan,balasahebgulave/Dataset-Indian-Names Indian_Names.csv,2,,163
471,Aijay,aijay,,aijay,balasahebgulave/Dataset-Indian-Names Indian_Names.csv,2,,166
472,Aisha,aisha,,aisha,balasahebgulave/Dataset-Indian-Names Indian_Names.csv,2,,167
473,Aishe,aishe,,aishe,balasahebgulave/Dataset-Indian-Names Indian_Names.csv,2,,168
474,Ajab,ajab,,ajab,balasahebgulave/Dataset-Indian-Names Indian_Names.csv,2,,170
475,Ajad,ajad,,ajad,balasahebgulave/Dataset-Indian-Names Indian_Names.csv,2,,171
476,Ajaj,ajaj,,ajaj,balasahebgulave/Dataset-Indian-Names Indian_Names.csv,2,,173
477,Ajara,ajara,,ajara,balasahebgulave/Dataset-Indian-Names Indian_Names.csv,2,,174
478,Ajeem,ajeem,,ajeem,balasahebgulave/Dataset-Indian-Names Indian_Names.csv,2,,177
479,Ajeet,ajeet,,ajeet,balasahebgulave/Dataset-Indian-Names Indian_Names.csv,2,,178
480,Ajim,ajim,,ajim,balasahebgulave/Dataset-Indian-Names Indian_Names.csv,2,,179
481,Ajima,ajima,,ajima,balasahebgulave/Dataset-Indian-Names Indian_Names.csv,2,,180
482,Ajju,ajju,,ajju,balasahebgulave/Dataset-Indian-Names Indian_Names.csv,2,,182
483,Ajmal,ajmal,,ajmal,balasahebgulave/Dataset-Indian-Names Indian_Names.csv,2,,184
484,Ajman,ajman,,ajman,balasahebgulave/Dataset-Indian-Names Indian_Names.csv,2,,185
485,Ajmit,ajmit,,ajmit,balasahebgulave/Dataset-Indian-Names Indian_Names.csv,2,,188
486,Ajra,ajra,,ajra,balasahebgulave/Dataset-Indian-Names Indian_Names.csv,2,,191
487,Akbar,akbar,,akbar,balasahebgulave/Dataset-Indian-Names Indian_Names.csv,2,,197
488,Akeel,akeel,,akeel,balasahebgulave/Dataset-Indian-Names Indian_Names.csv,2,,199
489,Akhil,akhil,,akhil,balasahebgulave/Dataset-Indian-Names Indian_Names.csv,2,,203
490,Akib,akib,,akib,balasahebgulave/Dataset-Indian-Names Indian_Names.csv,2,,211
491,Akif,akif,,akif,balasahebgulave/Dataset-Indian-Names Indian_Names.csv,2,,212
492,Akil,akil,,akil,balasahebgulave/Dataset-Indian-Names Indian_Names.csv,2,,213
493,Akkni,akkni,,akkni,balasahebgulave/Dataset-Indian-Names Indian_Names.csv,2,,216
494,Akram,akram,,akram,balasahebgulave/Dataset-Indian-Names Indian_Names.csv,2,,217
495,Aktri,aktri,,aktri,balasahebgulave/Dataset-Indian-Names Indian_Names.csv,2,,224
496,Alk,alk,,al0k,balasahebgulave/Dataset-Indian-Names Indian_Names.csv,2,,225
497,Alam,alam,,alam,balasahebgulave/Dataset-Indian-Names Indian_Names.csv,2,,227
498,Alema,alema,,alema,balasahebgulave/Dataset-Indian-Names Indian_Names.csv,2,,233
499,Ali,ali,,ali,balasahebgulave/Dataset-Indian-Names Indian_Names.csv,2,,235
500,Alim,alim,,alim,balasahebgulave/Dataset-Indian-Names Indian_Names.csv,2,,237
501,Alima,alima,,alima,balasahebgulave/Dataset-Indian-Names Indian_Names.csv,2,,238
502,Alina,alina,,alina,balasahebgulave/Dataset-Indian-Names Indian_Names.csv,2,,239
503,Alis,alis,,alis,balasahebgulave/Dataset-Indian-Names Indian_Names.csv,2,,240
504,Alish,alish,,alish,balasahebgulave/Dataset-Indian-Names Indian_Names.csv,2,,241
505,Alita,alita,,alita,balasahebgulave/Dataset-Indian-Names Indian_Names.csv,2,,243
506,Aliya,aliya,,aliya,balasahebgulave/Dataset-Indian-Names Indian_Names.csv,2,,244
507,Alma,alma,,alma,balasahebgulave/Dataset-Indian-Names Indian_Names.csv,2,,250
508,Altab,altab,,altab,balasahebgulave/Dataset-Indian-Names Indian_Names.csv,2,,254
509,Altaf,altaf,,altaf,balasahebgulave/Dataset-Indian-Names Indian_Names.csv,2,,255
510,Aman,aman,,aman,balasahebgulave/Dataset-Indian-Names Indian_Names.csv,2,,258
511,Amana,amana,,amana,balasahebgulave/Dataset-Indian-Names Indian_Names.csv,2,,259
512,Amart,amart,,amart,balasahebgulave/Dataset-Indian-Names Indian_Names.csv,2,,272
513,Amasi,amasi,,amasi,balasahebgulave/Dataset-Indian-Names Indian_Names.csv,2,,274
514,Amba,amba,,amba,balasahebgulave/Dataset-Indian-Names Indian_Names.csv,2,,275
515,Amber,amber,,amber,balasahebgulave/Dataset-Indian-Names Indian_Names.csv,2,,276
516,Ameen,ameen,,ameen,balasahebgulave/Dataset-Indian-Names Indian_Names.csv,2,,279
517,Ameer,ameer,,ameer,balasahebgulave/Dataset-Indian-Names Indian_Names.csv,2,,280
518,Amena,amena,,amena,balasahebgulave/Dataset-Indian-Names Indian_Names.csv,2,,282
519,Amida,amida,,amida,balasahebgulave/Dataset-Indian-Names Indian_Names.csv,2,,283
520,Amie,amie,,amie,balasahebgulave/Dataset-Indian-Names Indian_Names.csv,2,,284
521,Amil,amil,,amil,balasahebgulave/Dataset-Indian-Names Indian_Names.csv,2,,286
522,Amin,amin,,amin,balasahebgulave/Dataset-Indian-Names Indian_Names.csv,2,,287
523,Amina,amina,,amina,balasahebgulave/Dataset-Indian-Names Indian_Names.csv,2,,288
524,Amir,amir,,amir,balasahebgulave/Dataset-Indian-Names Indian_Names.csv,2,,289
525,Amiri,amiri,,amiri,balasahebgulave/Dataset-Indian-Names Indian_Names.csv,2,,291
526,Amjad,amjad,,amjad,balasahebgulave/Dataset-Indian-Names Indian_Names.csv,2,,297
527,Amjat,amjat,,amjat,balasahebgulave/Dataset-Indian-Names Indian_Names.csv,2,,298
528,Amkit,amkit,,amkit,balasahebgulave/Dataset-Indian-Names Indian_Names.csv,2,,299
529,Ammar,ammar,,ammar,balasahebgulave/Dataset-Indian-Names Indian_Names.csv,2,,301
530,Amna,amna,,amna,balasahebgulave/Dataset-Indian-Names Indian_Names.csv,2,,302
531,Amol,amol,,amol,balasahebgulave/Dataset-Indian-Names Indian_Names.csv,2,,303
532,Amot,amot,,amot,balasahebgulave/Dataset-Indian-Names Indian_Names.csv,2,,304
533,Amrat,amrat,,amrat,balasahebgulave/Dataset-Indian-Names Indian_Names.csv,2,,305
534,Amri,amri,,amri,balasahebgulave/Dataset-Indian-Names Indian_Names.csv,2,,310
535,Amrin,amrin,,amrin,balasahebgulave/Dataset-Indian-Names Indian_Names.csv,2,,313
536,Amrta,amrta,,amrta,balasahebgulave/Dataset-Indian-Names Indian_Names.csv,2,,321
537,Amuda,amuda,,amuda,balasahebgulave/Dataset-Indian-Names Indian_Names.csv,2,,324
538,Amzad,amzad,,amzad,balasahebgulave/Dataset-Indian-Names Indian_Names.csv,2,,325
539,Anadi,anadi,,anadi,balasahebgulave/Dataset-Indian-Names Indian_Names.csv,2,,326
540,Anaji,anaji,,anaji,balasahebgulave/Dataset-Indian-Names Indian_Names.csv,2,,327
541,Anam,anam,,anam,balasahebgulave/Dataset-Indian-Names Indian_Names.csv,2,,328
542,Anara,anara,,anara,balasahebgulave/Dataset-Indian-Names Indian_Names.csv,2,,336
543,Anaro,anaro,,anaro,balasahebgulave/Dataset-Indian-Names Indian_Names.csv,2,,338
544,Anash,anash,,anash,balasahebgulave/Dataset-Indian-Names Indian_Names.csv,2,,339
545,Angad,angad,,angad,balasahebgulave/Dataset-Indian-Names Indian_Names.csv,2,,345
546,Angan,angan,,angan,balasahebgulave/Dataset-Indian-Names Indian_Names.csv,2,,346
547,Angda,angda,,angda,balasahebgulave/Dataset-Indian-Names Indian_Names.csv,2,,347
548,Anikt,anikt,,anikt,balasahebgulave/Dataset-Indian-Names Indian_Names.csv,2,,352
549,Anish,anish,,anish,balasahebgulave/Dataset-Indian-Names Indian_Names.csv,2,,356
550,Anja,anja,,anja,balasahebgulave/Dataset-Indian-Names Indian_Names.csv,2,,359
551,Anjal,anjal,,anjal,balasahebgulave/Dataset-Indian-Names Indian_Names.csv,2,,360
552,Anjli,anjli,,anjli,balasahebgulave/Dataset-Indian-Names Indian_Names.csv,2,,369
553,Anjna,anjna,,anjna,balasahebgulave/Dataset-Indian-Names Indian_Names.csv,2,,370
554,Anjum,anjum,,anjum,balasahebgulave/Dataset-Indian-Names Indian_Names.csv,2,,373
555,Ankaj,ankaj,,ankaj,balasahebgulave/Dataset-Indian-Names Indian_Names.csv,2,,375
556,Ankur,ankur,,ankur,balasahebgulave/Dataset-Indian-Names Indian_Names.csv,2,,381
557,Ankus,ankus,,ankus,balasahebgulave/Dataset-Indian-Names Indian_Names.csv,2,,382
558,Anli,anli,,anli,balasahebgulave/Dataset-Indian-Names Indian_Names.csv,2,,384
559,Anmol,anmol,,anmol,balasahebgulave/Dataset-Indian-Names Indian_Names.csv,2,,385
560,Annat,annat,,annat,balasahebgulave/Dataset-Indian-Names Indian_Names.csv,2,,386
561,Anno,anno,,anno,balasahebgulave/Dataset-Indian-Names Indian_Names.csv,2,,389
562,Annu,annu,,annu,balasahebgulave/Dataset-Indian-Names Indian_Names.csv,2,,390
563,Anoj,anoj,,anoj,balasahebgulave/Dataset-Indian-Names Indian_Names.csv,2,,391
564,Anooj,anooj,,anooj,balasahebgulave/Dataset-Indian-Names Indian_Names.csv,2,,393
565,Anoop,anoop,,anoop,balasahebgulave/Dataset-Indian-Names Indian_Names.csv,2,,394
566,Ansal,ansal,,ansal,balasahebgulave/Dataset-Indian-Names Indian_Names.csv,2,,397
567,Ansar,ansar,,ansar,balasahebgulave/Dataset-Indian-Names Indian_Names.csv,2,,398
568,Ansh,ansh,,ansh,balasahebgulave/Dataset-Indian-Names Indian_Names.csv,2,,399
569,Ansu,ansu,,ansu,balasahebgulave/Dataset-Indian-Names Indian_Names.csv,2,,406
570,Ansul,ansul,,ansul,balasahebgulave/Dataset-Indian-Names Indian_Names.csv,2,,407
571,Anta,anta,,anta,balasahebgulave/Dataset-Indian-Names Indian_Names.csv,2,,408
572,Antim,antim,,antim,balasahebgulave/Dataset-Indian-Names Indian_Names.csv,2,,409
573,Anuj,anuj,,anuj,balasahebgulave/Dataset-Indian-Names Indian_Names.csv,2,,413
574,Anup,anup,,anup,balasahebgulave/Dataset-Indian-Names Indian_Names.csv,2,,415
575,Anuu,anuu,,anuu,balasahebgulave/Dataset-Indian-Names Indian_Names.csv,2,,426
576,Anwar,anwar,,anwar,balasahebgulave/Dataset-Indian-Names Indian_Names.csv,2,,427
577,Any,any,,any,balasahebgulave/Dataset-Indian-Names Indian_Names.csv,2,,429
578,Anzum,anzum,,anzum,balasahebgulave/Dataset-Indian-Names Indian_Names.csv,2,,430
579,Arab,arab,,arab,balasahebgulave/Dataset-Indian-Names Indian_Names.csv,2,,436
580,Arati,arati,,arati,balasahebgulave/Dataset-Indian-Names Indian_Names.csv,2,,441
581,Arbaj,arbaj,,arbaj,balasahebgulave/Dataset-Indian-Names Indian_Names.csv,2,,443
582,Arbaz,arbaz,,arbaz,balasahebgulave/Dataset-Indian-Names Indian_Names.csv,2,,445
583,Areen,areen,,areen,balasahebgulave/Dataset-Indian-Names Indian_Names.csv,2,,450
584,Arham,arham,,arham,balasahebgulave/Dataset-Indian-Names Indian_Names.csv,2,,451
585,Ariba,ariba,,ariba,balasahebgulave/Dataset-Indian-Names Indian_Names.csv,2,,453
586,Arif,arif,,arif,balasahebgulave/Dataset-Indian-Names Indian_Names.csv,2,,454
587,Arifa,arifa,,arifa,balasahebgulave/Dataset-Indian-Names Indian_Names.csv,2,,455
588,Arman,arman,,arman,balasahebgulave/Dataset-Indian-Names Indian_Names.csv,2,,461
589,Arnab,arnab,,arnab,balasahebgulave/Dataset-Indian-Names Indian_Names.csv,2,,463
590,Arpit,arpit,,arpit,balasahebgulave/Dataset-Indian-Names Indian_Names.csv,2,,465
591,Arpna,arpna,,arpna,balasahebgulave/Dataset-Indian-Names Indian_Names.csv,2,,466
592,Arsad,arsad,,arsad,balasahebgulave/Dataset-Indian-Names Indian_Names.csv,2,,467
593,Arsh,arsh,,arsh,balasahebgulave/Dataset-Indian-Names Indian_Names.csv,2,,468
594,Arshi,arshi,,arshi,balasahebgulave/Dataset-Indian-Names Indian_Names.csv,2,,470
595,Arsi,arsi,,arsi,balasahebgulave/Dataset-Indian-Names Indian_Names.csv,2,,472
596,Arthi,arthi,,arthi,balasahebgulave/Dataset-Indian-Names Indian_Names.csv,2,,473
597,Aru,aru,,aru,balasahebgulave/Dataset-Indian-Names Indian_Names.csv,2,,475
598,Aruni,aruni,,aruni,balasahebgulave/Dataset-Indian-Names Indian_Names.csv,2,,478
599,Aryan,aryan,,aryan,balasahebgulave/Dataset-Indian-Names Indian_Names.csv,2,,482
600,Arzoo,arzoo,,arzoo,balasahebgulave/Dataset-Indian-Names Indian_Names.csv,2,,483
601,Asana,asana,,asana,balasahebgulave/Dataset-Indian-Names Indian_Names.csv,2,,485
602,Asfak,asfak,,asfak,balasahebgulave/Dataset-Indian-Names Indian_Names.csv,2,,488
603,Asfaq,asfaq,,asfaq,balasahebgulave/Dataset-Indian-Names Indian_Names.csv,2,,489
604,Asgar,asgar,,asgar,balasahebgulave/Dataset-Indian-Names Indian_Names.csv,2,,490
605,Ashad,ashad,,ashad,balasahebgulave/Dataset-Indian-Names Indian_Names.csv,2,,493
606,Ashak,ashak,,ashak,balasahebgulave/Dataset-Indian-Names Indian_Names.csv,2,,494
607,Ashif,ashif,,ashif,balasahebgulave/Dataset-Indian-Names Indian_Names.csv,2,,499
608,Ashik,ashik,,ashik,balasahebgulave/Dataset-Indian-Names Indian_Names.csv,2,,500
609,Ashma,ashma,,ashma,balasahebgulave/Dataset-Indian-Names Indian_Names.csv,2,,507
610,Ashmi,ashmi,,ashmi,balasahebgulave/Dataset-Indian-Names Indian_Names.csv,2,,509
611,Ashnu,ashnu,,ashnu,balasahebgulave/Dataset-Indian-Names Indian_Names.csv,2,,511
612,Asho,asho,,asho,balasahebgulave/Dataset-Indian-Names Indian_Names.csv,2,,512
613,Ashra,ashra,,ashra,balasahebgulave/Dataset-Indian-Names Indian_Names.csv,2,,514
614,Ashu,ashu,,ashu,balasahebgulave/Dataset-Indian-Names Indian_Names.csv,2,,521
615,Asi,asi,,asi,balasahebgulave/Dataset-Indian-Names Indian_Names.csv,2,,525
616,Asif,asif,,asif,balasahebgulave/Dataset-Indian-Names Indian_Names.csv,2,,526
617,Asish,asish,,asish,balasahebgulave/Dataset-Indian-Names Indian_Names.csv,2,,527
618,Asiya,asiya,,asiya,balasahebgulave/Dataset-Indian-Names Indian_Names.csv,2,,529
619,Aslam,aslam,,aslam,balasahebgulave/Dataset-Indian-Names Indian_Names.csv,2,,530
620,Asma,asma,,asma,balasahebgulave/Dataset-Indian-Names Indian_Names.csv,2,,531
621,Asman,asman,,asman,balasahebgulave/Dataset-Indian-Names Indian_Names.csv,2,,532
622,Asmat,asmat,,asmat,balasahebgulave/Dataset-Indian-Names Indian_Names.csv,2,,533
623,Asmin,asmin,,asmin,balasahebgulave/Dataset-Indian-Names Indian_Names.csv,2,,534
624,Asmit,asmit,,asmit,balasahebgulave/Dataset-Indian-Names Indian_Names.csv,2,,536
625,Asrf,asrf,,asrf,balasahebgulave/Dataset-Indian-Names Indian_Names.csv,2,,539
626,Astha,astha,,astha,balasahebgulave/Dataset-Indian-Names Indian_Names.csv,2,,541
627,Aswin,aswin,,aswin,balasahebgulave/Dataset-Indian-Names Indian_Names.csv,2,,544
628,Atanu,atanu,,atanu,balasahebgulave/Dataset-Indian-Names Indian_Names.csv,2,,545
629,Ateek,ateek,,ateek,balasahebgulave/Dataset-Indian-Names Indian_Names.csv,2,,546
630,Atif,atif,,atif,balasahebgulave/Dataset-Indian-Names Indian_Names.csv,2,,547
631,Atiq,atiq,,atiq,balasahebgulave/Dataset-Indian-Names Indian_Names.csv,2,,548
632,Atish,atish,,atish,balasahebgulave/Dataset-Indian-Names Indian_Names.csv,2,,549
633,Atta,atta,,atta,balasahebgulave/Dataset-Indian-Names Indian_Names.csv,2,,551
634,Attar,attar,,attar,balasahebgulave/Dataset-Indian-Names Indian_Names.csv,2,,552
635,Atu,atu,,atu,balasahebgulave/Dataset-Indian-Names Indian_Names.csv,2,,553
636,Avadh,avadh,,avadh,balasahebgulave/Dataset-Indian-Names Indian_Names.csv,2,,555
637,Avi,avi,,avi,balasahebgulave/Dataset-Indian-Names Indian_Names.csv,2,,561
638,Avid,avid,,avid,balasahebgulave/Dataset-Indian-Names Indian_Names.csv,2,,562
639,Avnit,avnit,,avnit,balasahebgulave/Dataset-Indian-Names Indian_Names.csv,2,,568
640,Axat,axat,,axat,balasahebgulave/Dataset-Indian-Names Indian_Names.csv,2,,574
641,Ayan,ayan,,ayan,balasahebgulave/Dataset-Indian-Names Indian_Names.csv,2,,575
642,Aysha,aysha,,aysha,balasahebgulave/Dataset-Indian-Names Indian_Names.csv,2,,577
643,Ayub,ayub,,ayub,balasahebgulave/Dataset-Indian-Names Indian_Names.csv,2,,578
644,Ayube,ayube,,ayube,balasahebgulave/Dataset-Indian-Names Indian_Names.csv,2,,579
645,Ayush,ayush,,ayush,balasahebgulave/Dataset-Indian-Names Indian_Names.csv,2,,580
646,Azad,azad,,azad,balasahebgulave/Dataset-Indian-Names Indian_Names.csv,2,,582
647,Azam,azam,,azam,balasahebgulave/Dataset-Indian-Names Indian_Names.csv,2,,583
648,Azaz,azaz,,azaz,balasahebgulave/Dataset-Indian-Names Indian_Names.csv,2,,585
649,Azhar,azhar,,azhar,balasahebgulave/Dataset-Indian-Names Indian_Names.csv,2,,586
650,Azim,azim,,azim,balasahebgulave/Dataset-Indian-Names Indian_Names.csv,2,,587
651,Baam,baam,,baam,balasahebgulave/Dataset-Indian-Names Indian_Names.csv,2,,590
652,Baban,baban,,baban,balasahebgulave/Dataset-Indian-Names Indian_Names.csv,2,,593
653,Babar,babar,,babar,balasahebgulave/Dataset-Indian-Names Indian_Names.csv,2,,594
654,Babbi,babbi,,babbi,balasahebgulave/Dataset-Indian-Names Indian_Names.csv,2,,595
655,Babbu,babbu,,babbu,balasahebgulave/Dataset-Indian-Names Indian_Names.csv,2,,596
656,Babby,babby,,babby,balasahebgulave/Dataset-Indian-Names Indian_Names.csv,2,,597
657,Bablu,bablu,,bablu,balasahebgulave/Dataset-Indian-Names Indian_Names.csv,2,,601
658,Babul,babul,,babul,balasahebgulave/Dataset-Indian-Names Indian_Names.csv,2,,606
659,Baby,baby,,baby,balasahebgulave/Dataset-Indian-Names Indian_Names.csv,2,,610
660,Bachu,bachu,,bachu,balasahebgulave/Dataset-Indian-Names Indian_Names.csv,2,,618
661,Bada,bada,,bada,balasahebgulave/Dataset-Indian-Names Indian_Names.csv,2,,619
662,Badal,badal,,badal,balasahebgulave/Dataset-Indian-Names Indian_Names.csv,2,,620
663,Badan,badan,,badan,balasahebgulave/Dataset-Indian-Names Indian_Names.csv,2,,622
664,Badru,badru,,badru,balasahebgulave/Dataset-Indian-Names Indian_Names.csv,2,,627
665,Baga,baga,,baga,balasahebgulave/Dataset-Indian-Names Indian_Names.csv,2,,632
666,Bagga,bagga,,bagga,balasahebgulave/Dataset-Indian-Names Indian_Names.csv,2,,635
667,Bahnu,bahnu,,bahnu,balasahebgulave/Dataset-Indian-Names Indian_Names.csv,2,,641
668,Baita,baita,,baita,balasahebgulave/Dataset-Indian-Names Indian_Names.csv,2,,647
669,Bake,bake,,bake,balasahebgulave/Dataset-Indian-Names Indian_Names.csv,2,,652
670,Baksi,baksi,,baksi,balasahebgulave/Dataset-Indian-Names Indian_Names.csv,2,,655
671,Balak,balak,,balak,balasahebgulave/Dataset-Indian-Names Indian_Names.csv,2,,658
672,Balam,balam,,balam,balasahebgulave/Dataset-Indian-Names Indian_Names.csv,2,,660
673,Bali,bali,,bali,balasahebgulave/Dataset-Indian-Names Indian_Names.csv,2,,669
674,Ballu,ballu,,ballu,balasahebgulave/Dataset-Indian-Names Indian_Names.csv,2,,675
675,Bandu,bandu,,bandu,balasahebgulave/Dataset-Indian-Names Indian_Names.csv,2,,686
676,Banju,banju,,banju,balasahebgulave/Dataset-Indian-Names Indian_Names.csv,2,,690
677,Bannu,bannu,,bannu,balasahebgulave/Dataset-Indian-Names Indian_Names.csv,2,,691
678,Bansi,bansi,,bansi,balasahebgulave/Dataset-Indian-Names Indian_Names.csv,2,,693
679,Banti,banti,,banti,balasahebgulave/Dataset-Indian-Names Indian_Names.csv,2,,695
680,Bantu,bantu,,bantu,balasahebgulave/Dataset-Indian-Names Indian_Names.csv,2,,696
681,Banty,banty,,banty,balasahebgulave/Dataset-Indian-Names Indian_Names.csv,2,,697
682,Banu,banu,,banu,balasahebgulave/Dataset-Indian-Names Indian_Names.csv,2,,698
683,Bapu,bapu,,bapu,balasahebgulave/Dataset-Indian-Names Indian_Names.csv,2,,701
684,Barj,barj,,barj,balasahebgulave/Dataset-Indian-Names Indian_Names.csv,2,,704
685,Barti,barti,,barti,balasahebgulave/Dataset-Indian-Names Indian_Names.csv,2,,709
686,Bato,bato,,bato,balasahebgulave/Dataset-Indian-Names Indian_Names.csv,2,,720
687,Batu,batu,,batu,balasahebgulave/Dataset-Indian-Names Indian_Names.csv,2,,721
688,Batul,batul,,batul,balasahebgulave/Dataset-Indian-Names Indian_Names.csv,2,,722
689,Baudi,baudi,,baudi,balasahebgulave/Dataset-Indian-Names Indian_Names.csv,2,,723
690,Bawan,bawan,,bawan,balasahebgulave/Dataset-Indian-Names Indian_Names.csv,2,,725
691,Bebi,bebi,,bebi,balasahebgulave/Dataset-Indian-Names Indian_Names.csv,2,,727
692,Beby,beby,,beby,balasahebgulave/Dataset-Indian-Names Indian_Names.csv,2,,728
693,Beenu,beenu,,beenu,balasahebgulave/Dataset-Indian-Names Indian_Names.csv,2,,732
694,Beera,beera,,beera,balasahebgulave/Dataset-Indian-Names Indian_Names.csv,2,,733
695,Beeru,beeru,,beeru,balasahebgulave/Dataset-Indian-Names Indian_Names.csv,2,,735
696,Beeti,beeti,,beeti,balasahebgulave/Dataset-Indian-Names Indian_Names.csv,2,,736
697,Begam,begam,,begam,balasahebgulave/Dataset-Indian-Names Indian_Names.csv,2,,738
698,Belo,belo,,belo,balasahebgulave/Dataset-Indian-Names Indian_Names.csv,2,,742
699,Benay,benay,,benay,balasahebgulave/Dataset-Indian-Names Indian_Names.csv,2,,743
700,Beni,beni,,beni,balasahebgulave/Dataset-Indian-Names Indian_Names.csv,2,,744
701,Benu,benu,,benu,balasahebgulave/Dataset-Indian-Names Indian_Names.csv,2,,746
702,Beti,beti,,beti,balasahebgulave/Dataset-Indian-Names Indian_Names.csv,2,,748
703,Bhag,bhag,,bhag,balasahebgulave/Dataset-Indian-Names Indian_Names.csv,2,,753
704,Bhala,bhala,,bhala,balasahebgulave/Dataset-Indian-Names Indian_Names.csv,2,,776
705,Bhan,bhan,,bhan,balasahebgulave/Dataset-Indian-Names Indian_Names.csv,2,,778
706,Bhani,bhani,,bhani,balasahebgulave/Dataset-Indian-Names Indian_Names.csv,2,,779
707,Bhanu,bhanu,,bhanu,balasahebgulave/Dataset-Indian-Names Indian_Names.csv,2,,781
708,Bhart,bhart,,bhart,balasahebgulave/Dataset-Indian-Names Indian_Names.csv,2,,795
709,Bhauk,bhauk,,bhauk,balasahebgulave/Dataset-Indian-Names Indian_Names.csv,2,,802
710,Bheem,bheem,,bheem,balasahebgulave/Dataset-Indian-Names Indian_Names.csv,2,,816
711,Bhiki,bhiki,,bhiki,balasahebgulave/Dataset-Indian-Names Indian_Names.csv,2,,822
712,Bhim,bhim,,bhim,balasahebgulave/Dataset-Indian-Names Indian_Names.csv,2,,823
713,Bhima,bhima,,bhima,balasahebgulave/Dataset-Indian-Names Indian_Names.csv,2,,824
714,Bhiva,bhiva,,bhiva,balasahebgulave/Dataset-Indian-Names Indian_Names.csv,2,,828
715,Bhola,bhola,,bhola,balasahebgulave/Dataset-Indian-Names Indian_Names.csv,2,,831
716,Bhole,bhole,,bhole,balasahebgulave/Dataset-Indian-Names Indian_Names.csv,2,,833
717,Bholi,bholi,,bholi,balasahebgulave/Dataset-Indian-Names Indian_Names.csv,2,,834
718,Bholu,bholu,,bholu,balasahebgulave/Dataset-Indian-Names Indian_Names.csv,2,,835
719,Bhonu,bhonu,,bhonu,balasahebgulave/Dataset-Indian-Names Indian_Names.csv,2,,836
720,Bhoop,bhoop,,bhoop,balasahebgulave/Dataset-Indian-Names Indian_Names.csv,2,,837
721,Bhram,bhram,,bhram,balasahebgulave/Dataset-Indian-Names Indian_Names.csv,2,,843
722,Bhrat,bhrat,,bhrat,balasahebgulave/Dataset-Indian-Names Indian_Names.csv,2,,845
723,Bhud,bhud,,bhud,balasahebgulave/Dataset-Indian-Names Indian_Names.csv,2,,848
724,Bhuli,bhuli,,bhuli,balasahebgulave/Dataset-Indian-Names Indian_Names.csv,2,,855
725,Bhup,bhup,,bhup,balasahebgulave/Dataset-Indian-Names Indian_Names.csv,2,,859
726,Bhura,bhura,,bhura,balasahebgulave/Dataset-Indian-Names Indian_Names.csv,2,,865
727,Bhure,bhure,,bhure,balasahebgulave/Dataset-Indian-Names Indian_Names.csv,2,,867
728,Bhuri,bhuri,,bhuri,balasahebgulave/Dataset-Indian-Names Indian_Names.csv,2,,868
729,Bidur,bidur,,bidur,balasahebgulave/Dataset-Indian-Names Indian_Names.csv,2,,875
730,Bigan,bigan,,bigan,balasahebgulave/Dataset-Indian-Names Indian_Names.csv,2,,876
731,Biitu,biitu,,biitu,balasahebgulave/Dataset-Indian-Names Indian_Names.csv,2,,877
732,Bikki,bikki,,bikki,balasahebgulave/Dataset-Indian-Names Indian_Names.csv,2,,882
733,Bilal,bilal,,bilal,balasahebgulave/Dataset-Indian-Names Indian_Names.csv,2,,884
734,Bilke,bilke,,bilke,balasahebgulave/Dataset-Indian-Names Indian_Names.csv,2,,885
735,Bima,bima,,bima,balasahebgulave/Dataset-Indian-Names Indian_Names.csv,2,,887
736,Binda,binda,,binda,balasahebgulave/Dataset-Indian-Names Indian_Names.csv,2,,892
737,Bindi,bindi,,bindi,balasahebgulave/Dataset-Indian-Names Indian_Names.csv,2,,894
738,Binja,binja,,binja,balasahebgulave/Dataset-Indian-Names Indian_Names.csv,2,,899
739,Binnu,binnu,,binnu,balasahebgulave/Dataset-Indian-Names Indian_Names.csv,2,,900
740,Bintu,bintu,,bintu,balasahebgulave/Dataset-Indian-Names Indian_Names.csv,2,,902
741,Binu,binu,,binu,balasahebgulave/Dataset-Indian-Names Indian_Names.csv,2,,903
742,Bipin,bipin,,bipin,balasahebgulave/Dataset-Indian-Names Indian_Names.csv,2,,904
743,Bir,bir,,bir,balasahebgulave/Dataset-Indian-Names Indian_Names.csv,2,,906
744,Biraj,biraj,,biraj,balasahebgulave/Dataset-Indian-Names Indian_Names.csv,2,,907
745,Biram,biram,,biram,balasahebgulave/Dataset-Indian-Names Indian_Names.csv,2,,910
746,Biran,biran,,biran,balasahebgulave/Dataset-Indian-Names Indian_Names.csv,2,,911
747,Birij,birij,,birij,balasahebgulave/Dataset-Indian-Names Indian_Names.csv,2,,915
748,Birju,birju,,birju,balasahebgulave/Dataset-Indian-Names Indian_Names.csv,2,,917
749,Birma,birma,,birma,balasahebgulave/Dataset-Indian-Names Indian_Names.csv,2,,918
750,Biru,biru,,biru,balasahebgulave/Dataset-Indian-Names Indian_Names.csv,2,,924
751,Bisto,bisto,,bisto,balasahebgulave/Dataset-Indian-Names Indian_Names.csv,2,,931
752,Bitoo,bitoo,,bitoo,balasahebgulave/Dataset-Indian-Names Indian_Names.csv,2,,932
753,Bitto,bitto,,bitto,balasahebgulave/Dataset-Indian-Names Indian_Names.csv,2,,934
754,Bittu,bittu,,bittu,balasahebgulave/Dataset-Indian-Names Indian_Names.csv,2,,936
755,Bivla,bivla,,bivla,balasahebgulave/Dataset-Indian-Names Indian_Names.csv,2,,937
756,Biwa,biwa,,biwa,balasahebgulave/Dataset-Indian-Names Indian_Names.csv,2,,938
757,Bobbi,bobbi,,bobbi,balasahebgulave/Dataset-Indian-Names Indian_Names.csv,2,,939
758,Bobby,bobby,,bobby,balasahebgulave/Dataset-Indian-Names Indian_Names.csv,2,,940
759,Bobi,bobi,,bobi,balasahebgulave/Dataset-Indian-Names Indian_Names.csv,2,,941
760,Boby,boby,,boby,balasahebgulave/Dataset-Indian-Names Indian_Names.csv,2,,942
761,Bodh,bodh,,bodh,balasahebgulave/Dataset-Indian-Names Indian_Names.csv,2,,943
762,Bodu,bodu,,bodu,balasahebgulave/Dataset-Indian-Names Indian_Names.csv,2,,944
763,Braj,braj,,braj,balasahebgulave/Dataset-Indian-Names Indian_Names.csv,2,,950
764,Bram,bram,,bram,balasahebgulave/Dataset-Indian-Names Indian_Names.csv,2,,952
765,Brij,brij,,brij,balasahebgulave/Dataset-Indian-Names Indian_Names.csv,2,,953
766,Brkha,brkha,,brkha,balasahebgulave/Dataset-Indian-Names Indian_Names.csv,2,,961
767,Bsram,bsram,,bsram,balasahebgulave/Dataset-Indian-Names Indian_Names.csv,2,,962
768,Budh,budh,,budh,balasahebgulave/Dataset-Indian-Names Indian_Names.csv,2,,966
769,Budhi,budhi,,budhi,balasahebgulave/Dataset-Indian-Names Indian_Names.csv,2,,968
770,Budho,budho,,budho,balasahebgulave/Dataset-Indian-Names Indian_Names.csv,2,,969
771,Budhu,budhu,,budhu,balasahebgulave/Dataset-Indian-Names Indian_Names.csv,2,,971
772,Buhan,buhan,,buhan,balasahebgulave/Dataset-Indian-Names Indian_Names.csv,2,,973
773,Buity,buity,,buity,balasahebgulave/Dataset-Indian-Names Indian_Names.csv,2,,974
774,Bulad,bulad,,bulad,balasahebgulave/Dataset-Indian-Names Indian_Names.csv,2,,975
775,Bulet,bulet,,bulet,balasahebgulave/Dataset-Indian-Names Indian_Names.csv,2,,977
776,Bunda,bunda,,bunda,balasahebgulave/Dataset-Indian-Names Indian_Names.csv,2,,978
777,Bunti,bunti,,bunti,balasahebgulave/Dataset-Indian-Names Indian_Names.csv,2,,981
778,Bunty,bunty,,bunty,balasahebgulave/Dataset-Indian-Names Indian_Names.csv,2,,982
779,Bupal,bupal,,bupal,balasahebgulave/Dataset-Indian-Names Indian_Names.csv,2,,983
780,Busra,busra,,busra,balasahebgulave/Dataset-Indian-Names Indian_Names.csv,2,,987
781,Chabi,chabi,,chabi,balasahebgulave/Dataset-Indian-Names Indian_Names.csv,2,,989
782,Chain,chain,,chain,balasahebgulave/Dataset-Indian-Names Indian_Names.csv,2,,991
783,Chama,chama,,chama,balasahebgulave/Dataset-Indian-Names Indian_Names.csv,2,,994
784,Chaya,chaya,,chaya,balasahebgulave/Dataset-Indian-Names Indian_Names.csv,2,,1049
785,Chela,chela,,chela,balasahebgulave/Dataset-Indian-Names Indian_Names.csv,2,,1052
786,Chet,chet,,chet,balasahebgulave/Dataset-Indian-Names Indian_Names.csv,2,,1054
787,Chinu,chinu,,chinu,balasahebgulave/Dataset-Indian-Names Indian_Names.csv,2,,1090
788,Chitu,chitu,,chitu,balasahebgulave/Dataset-Indian-Names Indian_Names.csv,2,,1098
789,Chnda,chnda,,chnda,balasahebgulave/Dataset-Indian-Names Indian_Names.csv,2,,1100
790,Choga,choga,,choga,balasahebgulave/Dataset-Indian-Names Indian_Names.csv,2,,1102
791,Chom,chom,,chom,balasahebgulave/Dataset-Indian-Names Indian_Names.csv,2,,1103
792,Chosh,chosh,,chosh,balasahebgulave/Dataset-Indian-Names Indian_Names.csv,2,,1106
793,Chote,chote,,chote,balasahebgulave/Dataset-Indian-Names Indian_Names.csv,2,,1108
794,Choti,choti,,choti,balasahebgulave/Dataset-Indian-Names Indian_Names.csv,2,,1110
795,Chotu,chotu,,chotu,balasahebgulave/Dataset-Indian-Names Indian_Names.csv,2,,1114
796,Chran,chran,,chran,balasahebgulave/Dataset-Indian-Names Indian_Names.csv,2,,1117
797,Chtar,chtar,,chtar,balasahebgulave/Dataset-Indian-Names Indian_Names.csv,2,,1118
798,Chuni,chuni,,chuni,balasahebgulave/Dataset-Indian-Names Indian_Names.csv,2,,1122
799,Chura,chura,,chura,balasahebgulave/Dataset-Indian-Names Indian_Names.csv,2,,1125
800,Daaud,daaud,,daaud,balasahebgulave/Dataset-Indian-Names Indian_Names.csv,2,,1128
801,Dabbu,dabbu,,dabbu,balasahebgulave/Dataset-Indian-Names Indian_Names.csv,2,,1129
802,Dabu,dabu,,dabu,balasahebgulave/Dataset-Indian-Names Indian_Names.csv,2,,1130
803,Dakch,dakch,,dakch,balasahebgulave/Dataset-Indian-Names Indian_Names.csv,2,,1131
804,Daks,daks,,daks,balasahebgulave/Dataset-Indian-Names Indian_Names.csv,2,,1132
805,Daksh,daksh,,daksh,balasahebgulave/Dataset-Indian-Names Indian_Names.csv,2,,1133
806,Dal,dal,,dal,balasahebgulave/Dataset-Indian-Names Indian_Names.csv,2,,1136
807,Dali,dali,,dali,balasahebgulave/Dataset-Indian-Names Indian_Names.csv,2,,1139
808,Dama,dama,,dama,balasahebgulave/Dataset-Indian-Names Indian_Names.csv,2,,1145
809,Daman,daman,,daman,balasahebgulave/Dataset-Indian-Names Indian_Names.csv,2,,1146
810,Dana,dana,,dana,balasahebgulave/Dataset-Indian-Names Indian_Names.csv,2,,1150
811,Data,data,,data,balasahebgulave/Dataset-Indian-Names Indian_Names.csv,2,,1165
812,Dauad,dauad,,dauad,balasahebgulave/Dataset-Indian-Names Indian_Names.csv,2,,1167
813,Dauji,dauji,,dauji,balasahebgulave/Dataset-Indian-Names Indian_Names.csv,2,,1168
814,Dayal,dayal,,dayal,balasahebgulave/Dataset-Indian-Names Indian_Names.csv,2,,1175
815,Deba,deba,,deba,balasahebgulave/Dataset-Indian-Names Indian_Names.csv,2,,1178
816,Deen,deen,,deen,balasahebgulave/Dataset-Indian-Names Indian_Names.csv,2,,1181
817,Deepi,deepi,,deepi,balasahebgulave/Dataset-Indian-Names Indian_Names.csv,2,,1196
818,Deepu,deepu,,deepu,balasahebgulave/Dataset-Indian-Names Indian_Names.csv,2,,1203
819,Deeya,deeya,,deeya,balasahebgulave/Dataset-Indian-Names Indian_Names.csv,2,,1208
820,Deni,deni,,deni,balasahebgulave/Dataset-Indian-Names Indian_Names.csv,2,,1210
821,Deou,deou,,deou,balasahebgulave/Dataset-Indian-Names Indian_Names.csv,2,,1211
822,Desh,desh,,desh,balasahebgulave/Dataset-Indian-Names Indian_Names.csv,2,,1214
823,Dev,dev,,dev,balasahebgulave/Dataset-Indian-Names Indian_Names.csv,2,,1216
824,Deva,deva,,deva,balasahebgulave/Dataset-Indian-Names Indian_Names.csv,2,,1217
825,Devid,devid,,devid,balasahebgulave/Dataset-Indian-Names Indian_Names.csv,2,,1230
826,Devik,devik,,devik,balasahebgulave/Dataset-Indian-Names Indian_Names.csv,2,,1232
827,Devki,devki,,devki,balasahebgulave/Dataset-Indian-Names Indian_Names.csv,2,,1237
828,Devli,devli,,devli,balasahebgulave/Dataset-Indian-Names Indian_Names.csv,2,,1239
829,Devya,devya,,devya,balasahebgulave/Dataset-Indian-Names Indian_Names.csv,2,,1242
830,Deyji,deyji,,deyji,balasahebgulave/Dataset-Indian-Names Indian_Names.csv,2,,1244
831,Dhan,dhan,,dhan,balasahebgulave/Dataset-Indian-Names Indian_Names.csv,2,,1249
832,Dhana,dhana,,dhana,balasahebgulave/Dataset-Indian-Names Indian_Names.csv,2,,1250
833,Dhani,dhani,,dhani,balasahebgulave/Dataset-Indian-Names Indian_Names.csv,2,,1255
834,Dhanu,dhanu,,dhanu,balasahebgulave/Dataset-Indian-Names Indian_Names.csv,2,,1265
835,Dhapu,dhapu,,dhapu,balasahebgulave/Dataset-Indian-Names Indian_Names.csv,2,,1268
836,Dhara,dhara,,dhara,balasahebgulave/Dataset-Indian-Names Indian_Names.csv,2,,1269
837,Dharm,dharm,,dharm,balasahebgulave/Dataset-Indian-Names Indian_Names.csv,2,,1276
838,Dhiru,dhiru,,dhiru,balasahebgulave/Dataset-Indian-Names Indian_Names.csv,2,,1298
839,Dhisa,dhisa,,dhisa,balasahebgulave/Dataset-Indian-Names Indian_Names.csv,2,,1299
840,Dhodi,dhodi,,dhodi,balasahebgulave/Dataset-Indian-Names Indian_Names.csv,2,,1301
841,Dhola,dhola,,dhola,balasahebgulave/Dataset-Indian-Names Indian_Names.csv,2,,1302
842,Dholi,dholi,,dholi,balasahebgulave/Dataset-Indian-Names Indian_Names.csv,2,,1303
843,Dhram,dhram,,dhram,balasahebgulave/Dataset-Indian-Names Indian_Names.csv,2,,1304
844,Dhruv,dhruv,,dhruv,balasahebgulave/Dataset-Indian-Names Indian_Names.csv,2,,1313
845,Dhurv,dhurv,,dhurv,balasahebgulave/Dataset-Indian-Names Indian_Names.csv,2,,1320
846,Dibya,dibya,,dibya,balasahebgulave/Dataset-Indian-Names Indian_Names.csv,2,,1323
847,Dil,dil,,dil,balasahebgulave/Dataset-Indian-Names Indian_Names.csv,2,,1328
848,Dila,dila,,dila,balasahebgulave/Dataset-Indian-Names Indian_Names.csv,2,,1329
849,Dimpu,dimpu,,dimpu,balasahebgulave/Dataset-Indian-Names Indian_Names.csv,2,,1346
850,Dimpy,dimpy,,dimpy,balasahebgulave/Dataset-Indian-Names Indian_Names.csv,2,,1347
851,Dipa,dipa,,dipa,balasahebgulave/Dataset-Indian-Names Indian_Names.csv,2,,1351
852,Dipti,dipti,,dipti,balasahebgulave/Dataset-Indian-Names Indian_Names.csv,2,,1360
853,Dipu,dipu,,dipu,balasahebgulave/Dataset-Indian-Names Indian_Names.csv,2,,1361
854,Disha,disha,,disha,balasahebgulave/Dataset-Indian-Names Indian_Names.csv,2,,1363
855,Dishu,dishu,,dishu,balasahebgulave/Dataset-Indian-Names Indian_Names.csv,2,,1366
856,Disi,disi,,disi,balasahebgulave/Dataset-Indian-Names Indian_Names.csv,2,,1367
857,Diti,diti,,diti,balasahebgulave/Dataset-Indian-Names Indian_Names.csv,2,,1368
858,Divy,divy,,divy,balasahebgulave/Dataset-Indian-Names Indian_Names.csv,2,,1373
859,Diwan,diwan,,diwan,balasahebgulave/Dataset-Indian-Names Indian_Names.csv,2,,1377
860,Dixya,dixya,,dixya,balasahebgulave/Dataset-Indian-Names Indian_Names.csv,2,,1379
861,Diya,diya,,diya,balasahebgulave/Dataset-Indian-Names Indian_Names.csv,2,,1380
862,Dolat,dolat,,dolat,balasahebgulave/Dataset-Indian-Names Indian_Names.csv,2,,1381
863,Doli,doli,,doli,balasahebgulave/Dataset-Indian-Names Indian_Names.csv,2,,1382
864,Dolo,dolo,,dolo,balasahebgulave/Dataset-Indian-Names Indian_Names.csv,2,,1385
865,Doly,doly,,doly,balasahebgulave/Dataset-Indian-Names Indian_Names.csv,2,,1386
866,Dord,dord,,dord,balasahebgulave/Dataset-Indian-Names Indian_Names.csv,2,,1388
867,Druga,druga,,druga,balasahebgulave/Dataset-Indian-Names Indian_Names.csv,2,,1394
868,Dukhi,dukhi,,dukhi,balasahebgulave/Dataset-Indian-Names Indian_Names.csv,2,,1395
869,Dulal,dulal,,dulal,balasahebgulave/Dataset-Indian-Names Indian_Names.csv,2,,1396
870,Dular,dular,,dular,balasahebgulave/Dataset-Indian-Names Indian_Names.csv,2,,1397
871,Dund,dund,,dund,balasahebgulave/Dataset-Indian-Names Indian_Names.csv,2,,1402
872,Duni,duni,,duni,balasahebgulave/Dataset-Indian-Names Indian_Names.csv,2,,1403
873,Dur,dur,,dur,balasahebgulave/Dataset-Indian-Names Indian_Names.csv,2,,1404
874,Durg,durg,,durg,balasahebgulave/Dataset-Indian-Names Indian_Names.csv,2,,1406
875,Durga,durga,,durga,balasahebgulave/Dataset-Indian-Names Indian_Names.csv,2,,1407
876,Dya,dya,,dya,balasahebgulave/Dataset-Indian-Names Indian_Names.csv,2,,1423
877,Ebane,ebane,,ebane,balasahebgulave/Dataset-Indian-Names Indian_Names.csv,2,,1424
878,Edris,edris,,edris,balasahebgulave/Dataset-Indian-Names Indian_Names.csv,2,,1425
879,Ekata,ekata,,ekata,balasahebgulave/Dataset-Indian-Names Indian_Names.csv,2,,1427
880,Ekram,ekram,,ekram,balasahebgulave/Dataset-Indian-Names Indian_Names.csv,2,,1428
881,Eldro,eldro,,eldro,balasahebgulave/Dataset-Indian-Names Indian_Names.csv,2,,1430
882,Elwin,elwin,,elwin,balasahebgulave/Dataset-Indian-Names Indian_Names.csv,2,,1432
883,Emran,emran,,emran,balasahebgulave/Dataset-Indian-Names Indian_Names.csv,2,,1434
884,Evan,evan,,evan,balasahebgulave/Dataset-Indian-Names Indian_Names.csv,2,,1440
885,Ezaz,ezaz,,ezaz,balasahebgulave/Dataset-Indian-Names Indian_Names.csv,2,,1441
886,Fahim,fahim,,fahim,balasahebgulave/Dataset-Indian-Names Indian_Names.csv,2,,1444
887,Faim,faim,,faim,balasahebgulave/Dataset-Indian-Names Indian_Names.csv,2,,1448
888,Faiz,faiz,,faiz,balasahebgulave/Dataset-Indian-Names Indian_Names.csv,2,,1452
889,Fakir,fakir,,fakir,balasahebgulave/Dataset-Indian-Names Indian_Names.csv,2,,1459
890,Fanni,fanni,,fanni,balasahebgulave/Dataset-Indian-Names Indian_Names.csv,2,,1463
891,Faqir,faqir,,faqir,balasahebgulave/Dataset-Indian-Names Indian_Names.csv,2,,1464
892,Fara,fara,,fara,balasahebgulave/Dataset-Indian-Names Indian_Names.csv,2,,1465
893,Farah,farah,,farah,balasahebgulave/Dataset-Indian-Names Indian_Names.csv,2,,1466
894,Faran,faran,,faran,balasahebgulave/Dataset-Indian-Names Indian_Names.csv,2,,1469
895,Farha,farha,,farha,balasahebgulave/Dataset-Indian-Names Indian_Names.csv,2,,1474
896,Farid,farid,,farid,balasahebgulave/Dataset-Indian-Names Indian_Names.csv,2,,1483
897,Farku,farku,,farku,balasahebgulave/Dataset-Indian-Names Indian_Names.csv,2,,1489
898,Faroj,faroj,,faroj,balasahebgulave/Dataset-Indian-Names Indian_Names.csv,2,,1493
899,Fateh,fateh,,fateh,balasahebgulave/Dataset-Indian-Names Indian_Names.csv,2,,1497
900,Fatma,fatma,,fatma,balasahebgulave/Dataset-Indian-Names Indian_Names.csv,2,,1500
901,Fauji,fauji,,fauji,balasahebgulave/Dataset-Indian-Names Indian_Names.csv,2,,1503
902,Fazaz,fazaz,,fazaz,balasahebgulave/Dataset-Indian-Names Indian_Names.csv,2,,1505
903,Fazia,fazia,,fazia,balasahebgulave/Dataset-Indian-Names Indian_Names.csv,2,,1506
904,Fazin,fazin,,fazin,balasahebgulave/Dataset-Indian-Names Indian_Names.csv,2,,1507
905,Feru,feru,,feru,balasahebgulave/Dataset-Indian-Names Indian_Names.csv,2,,1511
906,Fida,fida,,fida,balasahebgulave/Dataset-Indian-Names Indian_Names.csv,2,,1514
907,Fija,fija,,fija,balasahebgulave/Dataset-Indian-Names Indian_Names.csv,2,,1515
908,Firoj,firoj,,firoj,balasahebgulave/Dataset-Indian-Names Indian_Names.csv,2,,1521
909,Firoz,firoz,,firoz,balasahebgulave/Dataset-Indian-Names Indian_Names.csv,2,,1523
910,Firtu,firtu,,firtu,balasahebgulave/Dataset-Indian-Names Indian_Names.csv,2,,1525
911,Fiyaz,fiyaz,,fiyaz,balasahebgulave/Dataset-Indian-Names Indian_Names.csv,2,,1527
912,Fiza,fiza,,fiza,balasahebgulave/Dataset-Indian-Names Indian_Names.csv,2,,1528
913,Fool,fool,,fool,balasahebgulave/Dataset-Indian-Names Indian_Names.csv,2,,1529
914,Foola,foola,,foola,balasahebgulave/Dataset-Indian-Names Indian_Names.csv,2,,1530
915,For,for,,for,balasahebgulave/Dataset-Indian-Names Indian_Names.csv,2,,1534
916,Fozia,fozia,,fozia,balasahebgulave/Dataset-Indian-Names Indian_Names.csv,2,,1539
917,Fra,fra,,fra,balasahebgulave/Dataset-Indian-Names Indian_Names.csv,2,,1540
918,Frra,frra,,frra,balasahebgulave/Dataset-Indian-Names Indian_Names.csv,2,,1542
919,Fuli,fuli,,fuli,balasahebgulave/Dataset-Indian-Names Indian_Names.csv,2,,1543
920,Fulo,fulo,,fulo,balasahebgulave/Dataset-Indian-Names Indian_Names.csv,2,,1546
921,Gafur,gafur,,gafur,balasahebgulave/Dataset-Indian-Names Indian_Names.csv,2,,1551
922,Gagan,gagan,,gagan,balasahebgulave/Dataset-Indian-Names Indian_Names.csv,2,,1552
923,Gajla,gajla,,gajla,balasahebgulave/Dataset-Indian-Names Indian_Names.csv,2,,1560
924,Gali,gali,,gali,balasahebgulave/Dataset-Indian-Names Indian_Names.csv,2,,1563
925,Galu,galu,,galu,balasahebgulave/Dataset-Indian-Names Indian_Names.csv,2,,1565
926,Gamer,gamer,,gamer,balasahebgulave/Dataset-Indian-Names Indian_Names.csv,2,,1567
927,Gango,gango,,gango,balasahebgulave/Dataset-Indian-Names Indian_Names.csv,2,,1577
928,Gappu,gappu,,gappu,balasahebgulave/Dataset-Indian-Names Indian_Names.csv,2,,1583
929,Gargi,gargi,,gargi,balasahebgulave/Dataset-Indian-Names Indian_Names.csv,2,,1584
930,Garib,garib,,garib,balasahebgulave/Dataset-Indian-Names Indian_Names.csv,2,,1585
931,Garsh,garsh,,garsh,balasahebgulave/Dataset-Indian-Names Indian_Names.csv,2,,1587
932,Garv,garv,,garv,balasahebgulave/Dataset-Indian-Names Indian_Names.csv,2,,1589
933,Gattu,gattu,,gattu,balasahebgulave/Dataset-Indian-Names Indian_Names.csv,2,,1590
934,Gaura,gaura,,gaura,balasahebgulave/Dataset-Indian-Names Indian_Names.csv,2,,1591
935,Gawri,gawri,,gawri,balasahebgulave/Dataset-Indian-Names Indian_Names.csv,2,,1597
936,Geesa,geesa,,geesa,balasahebgulave/Dataset-Indian-Names Indian_Names.csv,2,,1602
937,Geet,geet,,geet,balasahebgulave/Dataset-Indian-Names Indian_Names.csv,2,,1603
938,Geetu,geetu,,geetu,balasahebgulave/Dataset-Indian-Names Indian_Names.csv,2,,1607
939,Gen,gen,,gen,balasahebgulave/Dataset-Indian-Names Indian_Names.csv,2,,1608
940,Genda,genda,,genda,balasahebgulave/Dataset-Indian-Names Indian_Names.csv,2,,1609
941,Gendi,gendi,,gendi,balasahebgulave/Dataset-Indian-Names Indian_Names.csv,2,,1610
942,Gendu,gendu,,gendu,balasahebgulave/Dataset-Indian-Names Indian_Names.csv,2,,1611
943,Ghan,ghan,,ghan,balasahebgulave/Dataset-Indian-Names Indian_Names.csv,2,,1613
944,Gila,gila,,gila,balasahebgulave/Dataset-Indian-Names Indian_Names.csv,2,,1623
945,Giri,giri,,giri,balasahebgulave/Dataset-Indian-Names Indian_Names.csv,2,,1626
946,Girja,girja,,girja,balasahebgulave/Dataset-Indian-Names Indian_Names.csv,2,,1633
947,Gokul,gokul,,gokul,balasahebgulave/Dataset-Indian-Names Indian_Names.csv,2,,1644
948,Goldi,goldi,,goldi,balasahebgulave/Dataset-Indian-Names Indian_Names.csv,2,,1647
949,Goldy,goldy,,goldy,balasahebgulave/Dataset-Indian-Names Indian_Names.csv,2,,1648
950,Gollu,gollu,,gollu,balasahebgulave/Dataset-Indian-Names Indian_Names.csv,2,,1649
951,Golu,golu,,golu,balasahebgulave/Dataset-Indian-Names Indian_Names.csv,2,,1650
952,Gomti,gomti,,gomti,balasahebgulave/Dataset-Indian-Names Indian_Names.csv,2,,1652
953,Gona,gona,,gona,balasahebgulave/Dataset-Indian-Names Indian_Names.csv,2,,1653
954,Goopi,goopi,,goopi,balasahebgulave/Dataset-Indian-Names Indian_Names.csv,2,,1655
955,Gopi,gopi,,gopi,balasahebgulave/Dataset-Indian-Names Indian_Names.csv,2,,1658
956,Gora,gora,,gora,balasahebgulave/Dataset-Indian-Names Indian_Names.csv,2,,1660
957,Gorav,gorav,,gorav,balasahebgulave/Dataset-Indian-Names Indian_Names.csv,2,,1661
958,Gori,gori,,gori,balasahebgulave/Dataset-Indian-Names Indian_Names.csv,2,,1664
959,Gorv,gorv,,gorv,balasahebgulave/Dataset-Indian-Names Indian_Names.csv,2,,1666
960,Gosia,gosia,,gosia,balasahebgulave/Dataset-Indian-Names Indian_Names.csv,2,,1667
961,Gotam,gotam,,gotam,balasahebgulave/Dataset-Indian-Names Indian_Names.csv,2,,1668
962,Grace,grace,,grace,balasahebgulave/Dataset-Indian-Names Indian_Names.csv,2,,1676
963,Grish,grish,,grish,balasahebgulave/Dataset-Indian-Names Indian_Names.csv,2,,1677
964,Groti,groti,,groti,balasahebgulave/Dataset-Indian-Names Indian_Names.csv,2,,1678
965,Guddi,guddi,,guddi,balasahebgulave/Dataset-Indian-Names Indian_Names.csv,2,,1681
966,Guddo,guddo,,guddo,balasahebgulave/Dataset-Indian-Names Indian_Names.csv,2,,1684
967,Guddu,guddu,,guddu,balasahebgulave/Dataset-Indian-Names Indian_Names.csv,2,,1685
968,Gudia,gudia,,gudia,balasahebgulave/Dataset-Indian-Names Indian_Names.csv,2,,1686
969,Gudya,gudya,,gudya,balasahebgulave/Dataset-Indian-Names Indian_Names.csv,2,,1688
970,Gugna,gugna,,gugna,balasahebgulave/Dataset-Indian-Names Indian_Names.csv,2,,1691
971,Gul,gul,,gul,balasahebgulave/Dataset-Indian-Names Indian_Names.csv,2,,1692
972,Gulam,gulam,,gulam,balasahebgulave/Dataset-Indian-Names Indian_Names.csv,2,,1699
973,Guman,guman,,guman,balasahebgulave/Dataset-Indian-Names Indian_Names.csv,2,,1734
974,Guni,guni,,guni,balasahebgulave/Dataset-Indian-Names Indian_Names.csv,2,,1737
975,Gunja,gunja,,gunja,balasahebgulave/Dataset-Indian-Names Indian_Names.csv,2,,1738
976,Gur,gur,,gur,balasahebgulave/Dataset-Indian-Names Indian_Names.csv,2,,1740
977,Guru,guru,,guru,balasahebgulave/Dataset-Indian-Names Indian_Names.csv,2,,1758
978,Gutam,gutam,,gutam,balasahebgulave/Dataset-Indian-Names Indian_Names.csv,2,,1765
979,Gya,gya,,gya,balasahebgulave/Dataset-Indian-Names Indian_Names.csv,2,,1766
980,Gyaan,gyaan,,gyaan,balasahebgulave/Dataset-Indian-Names Indian_Names.csv,2,,1767
981,Gyan,gyan,,gyan,balasahebgulave/Dataset-Indian-Names Indian_Names.csv,2,,1768
982,Gyanu,gyanu,,gyanu,balasahebgulave/Dataset-Indian-Names Indian_Names.csv,2,,1772
983,Gytri,gytri,,gytri,balasahebgulave/Dataset-Indian-Names Indian_Names.csv,2,,1776
984,Habib,habib,,habib,balasahebgulave/Dataset-Indian-Names Indian_Names.csv,2,,1777
985,Hafsa,hafsa,,hafsa,balasahebgulave/Dataset-Indian-Names Indian_Names.csv,2,,1781
986,Haji,haji,,haji,balasahebgulave/Dataset-Indian-Names Indian_Names.csv,2,,1786
987,Hakam,hakam,,hakam,balasahebgulave/Dataset-Indian-Names Indian_Names.csv,2,,1789
988,Halke,halke,,halke,balasahebgulave/Dataset-Indian-Names Indian_Names.csv,2,,1793
989,Halki,halki,,halki,balasahebgulave/Dataset-Indian-Names Indian_Names.csv,2,,1794
990,Hamid,hamid,,hamid,balasahebgulave/Dataset-Indian-Names Indian_Names.csv,2,,1797
991,Hamim,hamim,,hamim,balasahebgulave/Dataset-Indian-Names Indian_Names.csv,2,,1799
992,Hamza,hamza,,hamza,balasahebgulave/Dataset-Indian-Names Indian_Names.csv,2,,1801
993,Handu,handu,,handu,balasahebgulave/Dataset-Indian-Names Indian_Names.csv,2,,1802
994,Hani,hani,,hani,balasahebgulave/Dataset-Indian-Names Indian_Names.csv,2,,1804
995,Hanif,hanif,,hanif,balasahebgulave/Dataset-Indian-Names Indian_Names.csv,2,,1805
996,Hanni,hanni,,hanni,balasahebgulave/Dataset-Indian-Names Indian_Names.csv,2,,1807
997,Hanny,hanny,,hanny,balasahebgulave/Dataset-Indian-Names Indian_Names.csv,2,,1808
998,Hansa,hansa,,hansa,balasahebgulave/Dataset-Indian-Names Indian_Names.csv,2,,1809
999,Happy,happy,,happy,balasahebgulave/Dataset-Indian-Names Indian_Names.csv,2,,1814
1000,Har,har,,har,balasahebgulave/Dataset-Indian-Names Indian_Names.csv,2,,1815
